1 2 0.2047076595
1 23 -0.4789433381
2 3 0.5194387151
2 24 0.5557303043
3 4 -1.9657805725
3 25 -1.3934058330
4 5 -0.0929078767
4 26 -0.2817461528
5 6 -0.7690225676
5 27 -1.2464347364
6 7 -1.0071893576
6 28 1.2962211091
7 8 -0.2749916334
7 29 -0.2289128789
8 9 -1.3529168352
8 30 -0.8864293406
9 10 2.0016373097
9 31 0.3718425371
10 11 -1.6690253095
10 32 0.4385697358
11 12 0.5397414455
11 33 -0.4769850104
12 13 -3.2489439194
12 34 1.0212275244
13 14 0.5770873030
13 35 -0.1241212757
14 15 -0.3026135619
14 36 -0.5237720682
15 16 -0.0009402778
15 37 -1.3438097936
16 17 0.7135439851
16 38 0.8311535389
17 18 2.3702316540
17 39 1.8607607886
18 19 0.8607573984
18 40 -0.5601452930
19 20 1.2659344917
19 41 -0.1198271247
20 21 1.0635124481
20 42 -0.3328827156
21 22 2.3594188074
21 43 0.1995429553
22 44 0.9707359123
23 24 1.5419955279
23 45 -0.2863497470
24 25 1.3070302510
24 46 0.7538865348
25 26 -0.3779841109
25 47 -1.3497422145
26 27 -0.3312856502
26 48 -0.2466741100
27 28 -0.0698766888
27 49 -1.0048115908
28 29 0.0118616011
28 50 0.9192615577
29 30 -1.3271946138
29 51 -0.0221845987
30 31 1.5491064383
30 52 0.6605243277
31 32 -0.7583631450
31 53 0.0100319021
32 33 -0.8625800825
32 54 -0.6702155944
33 34 -0.0500093559
33 55 0.9558688523
34 35 -0.8529650322
34 56 2.3042338788
35 36 0.0234933207
35 57 1.2183019766
36 37 0.6524688415
36 58 -1.0746226901
37 38 1.3326097077
37 59 -0.6900018528
38 39 -0.7236415053
38 60 0.5030873914
39 40 -1.0015434425
39 61 0.9211686080
40 41 0.6222742251
40 62 -0.2228955458
41 42 0.7262134927
41 63 1.1577194663
42 43 -0.0513161009
42 64 -0.4336096057
43 44 -0.8167069359
43 65 -1.8248752113
44 66 -0.8505910987
45 46 -1.0107369460
45 67 -0.9124141520
46 47 0.9975182477
46 68 -2.1694614377
47 48 0.1315776012
47 69 -2.0036973624
48 49 -0.1882106804
48 70 -0.7952531559
49 50 0.1149282046
49 71 0.7485315485
50 51 -0.0296101523
50 72 -0.1526765728
51 52 -0.1181097537
51 73 0.5625401881
52 53 -0.5849697379
52 74 0.9290062022
53 54 1.5656572938
53 75 0.0362638461
54 55 0.0326641392
54 76 -0.9809284775
55 56 0.4825726457
55 77 -1.5817000942
56 57 -1.0953900601
56 78 -0.4570018713
57 58 0.5894876862
57 79 1.5692706052
58 59 0.5287348261
58 80 0.4028269244
59 60 -0.9299687590
59 81 0.1934011079
60 61 1.0224869780
60 82 1.6489848195
61 62 -0.2204868633
61 83 1.1668322163
62 63 -0.6691583365
62 84 -0.7021101715
63 64 2.2527972468
63 85 0.1391421881
64 65 -0.3536071021
64 86 0.6065451253
65 66 0.2745692046
65 87 0.0170070368
66 88 1.8008399135
67 68 -0.1076572215
67 89 -0.9890083019
68 69 0.4170644082
68 90 -0.5551544103
69 70 1.2241452842
69 91 0.4405535702
70 71 -1.6347362046
70 92 -0.4987914899
71 72 -0.4579401431
71 93 -1.3205658426
72 73 -1.3067197249
72 94 0.6534376751
73 74 0.3013502799
73 95 0.3917252489
74 75 0.8239910399
74 96 0.0171414356
75 76 -0.5079647858
75 97 -0.6355123567
76 77 -0.1869795141
76 98 -0.7180858345
77 78 0.2722929752
77 99 1.6777902458
78 79 -0.6803207487
78 100 1.5637398457
79 80 0.7571765024
79 101 -1.0459125333
80 81 0.3042730760
80 102 0.2476991162
81 82 -0.4269860851
81 103 0.1167470043
82 83 0.3674875215
82 104 -2.0687078513
83 84 -1.2199543649
83 105 -1.4401668688
84 85 0.4162321318
84 106 -1.2273869948
85 86 1.8447876161
85 107 -0.7464330382
86 87 0.7769674736
86 108 0.6794004105
87 88 0.1105573596
87 109 0.8687307344
88 110 0.4706309312
89 90 -1.9207842619
89 111 0.8388266886
90 91 -2.2246595902
90 112 0.5578047171
91 92 -0.7273687816
91 113 0.3726415527
92 93 1.2138509056
92 114 -1.7551083858
93 94 0.9192416971
93 115 -1.2700247317
94 95 -0.4351553046
94 116 0.6347092552
95 96 0.5674548710
95 117 0.2894358999
96 97 0.9265569013
96 118 0.7285046785
97 98 -1.2098099861
97 119 -0.2668932127
98 99 0.9743781265
98 120 -0.9109826419
99 100 0.3957007523
99 121 1.4134160388
100 101 0.7342970719
100 122 -0.2522752089
101 102 -0.8387750727
101 123 0.5683634469
102 103 -0.7211943389
102 124 0.5773854728
103 104 1.0209026133
103 125 0.8250199718
104 105 -1.2966078420
104 126 0.1529858033
105 106 -1.1274811036
105 127 0.1326092519
106 107 -0.3093621681
106 128 -0.6095118446
107 108 1.1686340733
107 129 -1.2399798823
108 109 2.6444094904
108 130 -1.4300418060
109 110 0.7519210031
109 131 -0.6032821300
110 132 0.2554905562
111 112 -1.4572997046
111 133 -0.4683666812
112 113 0.4937792570
112 134 1.8245045373
113 114 0.1357221402
113 135 -1.0228723843
114 115 0.8468524513
114 136 -0.0909370895
115 116 -1.2635722565
115 137 -0.2179570165
116 117 0.4456883799
116 138 1.7414939547
117 118 0.9616039243
117 139 -1.4366027858
118 119 -0.6254281565
118 140 2.4202944291
119 120 -1.1074246008
119 141 -0.2373722616
120 121 0.3501086568
120 142 -0.0652531808
121 122 0.8948131305
121 143 0.0302800519
122 123 1.0522557396
122 144 0.6424367505
123 124 0.5762073864
123 145 1.0829222557
124 125 1.0623296283
124 146 0.2362236685
125 126 -0.0009573691
125 147 0.3316605567
126 127 1.3675241050
126 148 1.0767419440
127 128 -0.9404893214
127 149 0.8711876507
128 129 -1.0401792459
128 150 1.2114110667
129 130 -0.4292135883
129 151 0.5816468501
130 131 -0.6418178163
130 152 -0.4645747935
131 132 -1.3940722262
131 153 -0.8042226978
132 154 -2.0103900112
133 134 0.1924659820
133 155 0.9779362324
134 135 -0.4208519969
134 156 -0.4833378219
135 136 0.2588669121
135 157 -0.4498804152
136 137 1.2604206276
136 158 0.1515748037
137 138 1.0702409075
137 159 -0.1608068410
138 139 0.1567355077
138 160 0.2972041661
139 140 0.8871044304
139 161 0.8851800128
140 141 0.2672173495
140 162 0.4935599998
141 142 0.4003327334
141 163 0.3507446075
142 143 -0.3995939534
142 164 0.8977563160
143 144 2.5579340560
143 165 1.1511851648
144 145 -0.0765250677
144 166 -1.1412501902
145 146 1.2942740237
145 167 -0.3835832585
146 147 0.1874965261
146 168 -0.3474888102
147 148 0.1154129640
147 169 -0.5710781386
148 149 -0.0446973764
148 170 0.2255239940
149 150 -0.8908735025
149 171 -1.3502997340
150 151 2.6123027048
150 172 -0.8659895420
151 152 0.8671355247
151 173 1.4102461439
152 153 0.4370301644
152 174 0.3458206666
153 154 1.2301790382
153 175 -0.1889946735
154 176 2.2645885924
155 156 -0.0600612128
155 177 0.4789641639
156 157 -1.3497261396
156 178 -0.9239484178
157 158 0.3866533218
157 179 -0.4058024425
158 159 -1.7472335991
158 180 0.4347884915
159 160 0.3782415247
159 181 0.3882449436
160 161 -0.3800624647
160 182 -1.4096046788
161 162 -1.3232982042
161 183 -0.7004283669
162 163 0.9149786105
162 184 0.1369717961
163 164 -1.0471844976
163 185 -0.3274972343
164 165 0.1141501406
164 186 1.4094023609
165 166 -0.2884518075
165 187 0.7164140242
166 167 -0.3587556328
166 188 1.4957185566
167 168 -2.1287462915
167 189 -2.6139990881
168 169 0.1054342780
168 190 0.7516526359
169 170 -2.0928518782
169 191 1.1576441585
170 171 0.9304894234
170 192 -1.0213911144
171 172 -1.3030130808
171 193 0.8095354825
172 173 0.1441259449
172 194 -1.5122893926
173 174 -0.1036141859
173 195 -1.1846685452
174 175 1.1748935558
174 196 0.5392745868
175 176 0.6893073985
175 197 1.1359257879
176 198 1.1580872671
177 178 -0.6362809610
177 199 -0.6342381000
178 179 -0.6146799240
178 200 -0.9649307759
179 180 -0.6682724919
179 201 0.8796028596
180 181 0.9081245732
180 202 -1.2263740458
181 182 -0.0951174320
181 203 -0.1156986255
182 183 -0.6370329344
182 204 1.1350077180
183 184 0.0551009929
183 205 -1.3064251811
184 185 0.1705062544
184 206 1.0266206894
185 186 -1.1045991369
185 207 0.1567595322
186 187 -1.2596833548
186 208 1.0339480176
187 188 0.4344459382
187 209 -0.4740707698
188 189 0.6948382300
188 210 0.5421731657
189 190 -0.4572786488
189 211 -0.1064026118
190 191 -1.0140423502
190 212 -2.1731847539
191 192 0.2633705816
191 213 0.1904807647
192 193 1.6108410094
192 214 0.9758136064
193 194 -1.2415727891
193 215 -0.0739306826
194 195 2.4490955342
194 216 1.5815309982
195 196 -1.5995336264
195 217 -0.5529364931
196 197 -0.1513259270
196 218 -3.9275280408
197 198 0.4754962173
197 219 -0.8541373152
198 220 -0.1311017366
199 200 1.3082281921
199 221 -1.3356494623
200 201 -0.5645612174
200 222 -0.4429378506
201 202 0.9169343901
201 223 -0.5333639528
202 203 -2.2123026893
202 224 0.0101153190
203 204 -1.8185945614
203 225 -0.5661055326
204 205 0.7743634090
204 226 -0.1947881054
205 206 -0.1060613895
205 227 0.5652300944
206 207 0.2551255987
206 228 -0.9595325419
207 208 0.3648065322
207 229 1.1167421025
208 209 0.6976138956
208 230 0.8987551751
209 210 0.1510388577
209 231 -0.4514017324
210 211 -0.9415712208
210 232 0.7327888305
211 212 -0.3562661934
211 233 0.6118760535
212 213 -1.4157531716
212 234 -0.2341278875
213 214 -0.4564873518
213 235 -1.2307693527
214 215 0.6550537571
214 236 -0.8518135079
215 216 -3.1768731188
215 237 1.5517149920
216 217 0.9753398349
216 238 -0.3447912012
217 218 1.1043763447
217 239 -0.4294040575
218 219 1.3666323610
218 240 2.2284370006
219 220 1.5872218093
219 241 -0.4899647613
220 242 -2.0704378001
221 222 0.5145626269
221 243 -0.7623021080
222 223 0.0315986670
222 244 -0.6270759138
223 224 -0.2719362811
223 245 1.4995034503
224 225 -1.2883061612
224 246 -0.4008232667
225 226 1.5291806068
225 247 -0.5050317839
226 227 -0.2972929172
226 248 0.2196962854
227 228 0.3981033604
227 249 0.6031454112
228 229 0.2859446487
228 250 -0.5640245236
229 230 -0.0665587850
229 251 -1.3919500543
230 231 -1.8679258456
230 252 0.9116331280
231 232 0.2453832271
231 253 1.5794658354
232 233 -0.1290154748
232 254 0.1832680917
233 234 1.0622347397
233 255 -0.1064313147
234 235 -0.5451541927
234 256 -0.4337129727
235 236 1.9462303857
235 257 -0.5671060293
236 237 0.9104891380
236 258 0.3023348714
237 238 -0.4080553829
237 259 -0.1803351127
238 239 0.3611325945
238 260 -0.3980920813
239 240 1.0566165643
239 261 0.0826501345
240 241 1.7612676730
240 262 -1.4079943634
241 242 -0.6583392635
241 263 -0.5264931205
242 264 -0.8622840476
243 244 -0.4577059763
243 265 1.8723388967
244 245 0.6854838962
244 266 -0.0800668292
245 246 0.3182360838
245 267 0.4791203403
246 247 -0.5718259286
246 268 -0.7459738006
247 248 -0.0815769654
247 269 -0.9362893153
248 249 0.7269163883
248 270 0.0567150282
249 250 0.5202087345
249 271 -0.5694974670
250 251 0.9169350744
250 272 -1.2642502830
251 252 1.9396908061
251 273 0.3316168982
252 253 -1.5124064934
252 274 -0.6288941108
253 254 0.2669308329
253 275 1.3381394300
254 255 -0.0838030660
254 276 -0.1216450299
255 256 0.9627910165
255 277 0.9709994483
256 257 -0.1287264422
256 278 0.7267081318
257 258 0.6402805040
257 279 -0.5036992883
258 259 0.6225470629
258 280 -0.2048514195
259 260 -0.7500183767
259 281 -0.5456803087
260 261 -2.3006745127
260 282 -0.1118349938
261 262 -1.4894096812
261 283 2.9493434981
262 263 0.7618372134
262 284 -0.1241570161
263 264 1.7513154299
263 285 1.6869334112
264 286 -2.0608817397
265 266 -0.2825018641
265 287 0.9478721803
266 267 0.5006068496
266 288 0.6533561621
267 268 -1.7083234738
267 289 -0.5288276042
268 269 0.6193323434
268 290 -0.1886493597
269 270 -1.2216554167
269 291 0.0506674481
270 271 1.3878740774
270 292 0.1032587208
271 272 -0.6037052159
271 293 0.5007769009
272 273 -0.2354770194
272 294 0.4738505304
273 274 1.2515037504
273 295 -0.1536943053
274 275 -0.6346341606
274 296 -0.1285316667
275 276 -1.2976224896
275 297 0.9406386627
276 277 -1.0895390466
276 298 0.5254149843
277 278 0.2412353263
277 299 -1.8313136033
278 279 -0.6762940289
278 300 -0.7005376866
279 280 0.6522952979
279 301 -2.3007400029
280 281 -0.3577932493
280 302 -0.5137596315
281 282 -0.8694168790
281 303 -1.4892059270
282 283 0.7163645746
282 304 -0.5432371293
283 284 1.1410365794
283 305 -1.6620144906
284 285 0.3893013704
284 306 -0.0935974490
285 286 -0.1286643038
285 307 1.4373956042
286 308 0.4504544573
287 288 -0.4447900581
287 309 0.0956356677
288 289 -0.2525298660
288 310 -0.6033346573
289 290 -1.0021454482
289 311 0.1108940793
290 291 0.8874009356
290 312 0.5826451091
291 292 0.9230293321
291 313 -0.2363605373
292 293 0.8921511977
292 314 -1.0463259795
293 294 0.8177652994
293 315 0.5348340203
294 295 -0.6235869435
294 316 0.1622426647
295 296 -1.9404786705
295 317 -0.7084014935
296 297 -0.5061909123
296 318 -0.2903431832
297 298 1.1892025002
297 319 0.9503128663
298 299 0.5391639051
298 320 0.1260716836
299 300 -0.1879373860
299 321 -0.1416384734
300 301 0.5168782316
300 322 0.4522120743
301 302 -0.3164238046
301 323 0.5155834985
302 303 1.4945914639
302 324 -0.8967457841
303 304 -0.2412894040
303 325 -1.8408099135
304 305 0.2411126523
304 326 0.2740839435
305 306 -0.1247207252
305 327 -0.9810066864
306 307 0.2730918559
306 328 1.0156344201
307 308 0.3065633045
307 329 -1.4656211675
308 330 0.9021477624
309 310 1.0832321958
309 331 0.4905085265
310 311 -1.5207430404
310 332 0.6991958611
311 312 0.6830663297
311 333 -0.0681025983
312 313 -0.4007099358
312 334 -0.8453995603
313 314 -0.3982048881
313 335 -0.8449629555
314 315 0.2641414219
314 336 -0.0220742409
315 316 -0.7582019727
315 337 -0.8872035233
316 317 0.5912023220
316 338 0.0741547051
317 318 0.9714375237
317 339 -1.2350214531
318 319 -0.1538812325
318 340 -1.3910354561
319 320 1.7849256900
319 341 0.2474234653
320 321 0.8737171398
320 342 -0.5439803613
321 322 0.4112435373
321 343 1.2663828125
322 323 1.0062190621
322 344 0.7201022448
323 324 -0.7527691430
323 345 0.3754978160
324 325 0.5246722101
324 346 -0.7943364001
325 326 -0.3523609393
325 347 -0.5437102535
326 327 0.9303417070
326 348 1.4696286040
327 328 -0.0164723816
327 349 -1.4173426444
328 329 -1.8508339477
328 350 -1.8448050159
329 330 1.3691790222
329 351 1.4909324172
330 352 -1.3752359609
331 332 -0.0143311821
331 353 0.6678801791
332 333 0.0485647878
332 354 -0.2106885434
333 334 0.4332949239
333 355 0.5743059885
334 335 -0.8202107415
334 356 -0.3960495900
335 336 -0.3022707464
335 357 1.2817571301
336 337 0.9423685038
336 358 0.5019445163
337 338 -0.9372495451
337 359 1.4962162957
338 339 1.5939515375
338 360 -0.4194459853
339 340 0.9587038345
339 361 0.3687653325
340 341 1.6051078356
340 362 -0.1476811614
341 342 -0.9251663642
341 363 -0.1580590543
342 343 0.3995923463
342 364 0.4002366296
343 344 0.8976086680
343 365 0.2444404459
344 345 -1.2531682095
344 366 0.4336304917
345 346 0.0277339246
345 367 0.3345036935
346 347 0.0252081701
346 368 0.9841644763
347 348 2.8680175290
347 369 0.2843916622
348 349 -1.2871553078
348 370 0.8854246017
349 350 -0.4953266466
349 371 -0.1961099351
350 351 -0.5887981898
350 372 0.8009713318
351 352 -2.0299226131
351 373 -1.0875532925
352 374 0.0226893249
353 354 0.1592845656
353 375 -0.5191792079
354 355 -0.0114477139
354 376 -0.2046473806
355 356 -2.0512138805
355 377 0.0002272887
356 357 1.6892546780
356 378 0.8197152557
357 358 0.1809983920
357 379 -0.5191402567
358 359 0.3966154218
358 380 0.1166777465
359 360 0.8248956663
359 381 1.4842743753
360 361 -1.2194574282
360 382 -0.9171734086
361 362 -0.8611838731
361 383 -2.0647924030
362 363 -0.1595599592
362 384 -0.4994507128
363 364 -0.7540849738
363 385 1.4032926370
364 365 -0.3247975296
364 386 -0.0003690290
365 366 1.2808934833
365 387 0.4548692201
366 367 -0.9546441561
366 388 -1.1291199035
367 368 -0.0158514730
367 389 0.4337386663
368 369 0.6312428197
368 390 1.3978201450
369 370 -0.6858792422
369 391 0.1767569157
370 371 -0.1827018920
370 392 1.2634374960
371 372 0.2659863562
371 393 0.8401174092
372 373 -1.2394523155
372 394 -0.5133925869
373 374 0.2603889065
373 395 -0.5807900362
374 396 0.1783554309
375 376 -0.1430916445
375 397 -1.2863116845
376 377 -1.4967441114
376 398 -0.1566320471
377 378 1.6711827560
377 399 -0.9558131774
378 379 0.7580141514
378 400 0.4863230843
379 380 0.8507783960
379 401 0.6527490227
380 381 0.0792663655
380 402 0.3604100824
381 382 -1.5789479133
381 403 1.2981398055
382 383 -0.9008849144
382 404 0.0931002763
383 384 0.8645466455
383 405 0.1025833801
384 385 -0.0578744129
384 406 -2.6161005096
385 386 -0.0926976374
385 407 0.5069981205
386 387 -1.4578226501
386 408 0.6768531379
387 388 0.2542403002
387 409 -1.4514561467
388 389 -0.4522627412
388 410 0.5028268638
389 390 0.5026780709
389 411 -1.7567793708
390 391 -1.6416530047
390 412 -0.6803970482
391 392 1.7073402694
391 413 -1.5015354777
392 393 0.8284599545
392 414 -0.4735046042
393 394 0.4064523618
393 415 1.1476992205
394 395 -0.0521066804
394 416 1.1005703600
395 396 -0.7431915005
395 417 -0.5024090782
396 418 0.6745602779
397 398 -1.9204672735
397 419 -1.4655731388
398 399 0.1733037769
398 420 0.9944798846
399 400 0.3804139767
399 421 1.6840295718
400 401 -0.5279190075
400 422 -0.5434059083
401 402 -0.4011846806
401 423 0.4126416927
402 403 -0.0308690977
402 424 0.3137041653
403 404 0.7855779449
403 425 -0.3753882359
404 405 2.0182057155
404 426 0.9008865193
405 406 -2.6667436770
405 427 -0.8716003139
406 407 -0.6346288553
406 428 -0.9476812197
407 408 -0.5129316588
407 429 1.7724554633
408 409 0.9743108007
408 430 -0.0903254745
409 410 -0.9557987256
409 431 0.0811946962
410 411 0.7562656480
410 432 -0.1398452271
411 412 -1.7137434477
411 433 0.1283025592
412 413 -0.0029032205
412 434 -0.6045777860
413 414 0.2975317815
413 435 -0.9411878374
414 415 0.0009874190
414 436 0.1246675393
415 416 -0.2979582792
415 437 -0.1802562856
416 417 0.3036285938
416 438 1.5961280313
417 418 -0.1898899913
417 439 -1.5025857468
418 440 0.3195366263
419 420 0.4583807416
419 441 -0.2619959554
420 421 1.1872642574
420 442 0.5716806424
421 422 -1.1771253452
421 443 -1.1149800607
422 423 -1.5790316190
422 444 -1.0609410643
423 424 1.5681388188
423 445 0.9387839980
424 425 -0.6523455187
424 446 -0.5900299712
425 426 -0.2682161700
425 447 -0.1021181042
426 427 -0.1472675879
426 448 -0.0031930743
427 428 -0.5924196109
427 449 1.5555693321
428 429 -0.6511214540
428 450 -0.5547365039
429 430 -0.8018976030
429 451 -0.3852416476
430 431 0.5010027615
430 452 1.0183531291
431 432 -0.4146059665
431 453 -0.5032987100
432 433 -2.1340947532
432 454 0.5066784174
433 434 0.9314567957
433 455 -0.4342733627
434 435 -0.2006962909
434 456 -1.4239533378
435 436 0.3203700969
435 457 0.8542643927
436 437 1.2816989836
436 458 0.6191098590
437 438 -0.6535380021
437 459 0.9106108248
438 439 -0.9550940105
438 460 0.0084714361
439 440 -0.1607929009
439 461 -0.5698541910
440 462 1.3561442698
441 442 -0.3516600586
441 463 0.1086211216
442 443 -1.1832682573
442 464 1.3509280784
443 444 -0.5107126304
443 465 -0.9914001845
444 445 0.5464961412
444 466 -0.4278997911
445 446 -1.4821852357
445 467 -0.6119530959
446 447 -0.2654380493
446 468 0.7242306910
447 448 2.5950115003
447 469 0.2993391197
448 449 -1.1029959578
448 470 -0.4614440672
449 450 1.2890116364
449 471 1.1410362602
450 451 1.7172917263
450 472 1.1592824639
451 452 -0.0516353173
451 473 -1.0883475834
452 453 0.5431862307
452 474 0.4641520619
453 454 -0.7296528335
453 475 -1.6178376751
454 455 1.1336736060
454 476 -0.2447196053
455 456 -0.2663515366
455 477 -0.3884064951
456 457 0.5505965612
456 478 -0.8703990368
457 458 -1.0389333892
457 479 -0.6489599073
458 459 -0.5299525669
458 480 -0.5002412696
459 460 1.1290382488
459 481 -0.8950918422
460 461 0.8633916216
460 482 0.5678787083
461 462 0.0571515569
461 483 0.7514485726
462 484 0.6211423596
463 464 -1.6523840922
464 465 0.5460967374
465 466 -2.2009973861
466 467 -0.2904682828
467 468 0.5124509842
468 469 -1.6928818957
469 470 -1.5717271944
470 471 0.6738297011
471 472 1.2289179758
472 473 0.3208290183
473 474 0.9062031454
474 475 0.5133783725
475 476 0.8166506056
476 477 1.3110942268
477 478 -1.5923737097
478 479 -0.3352493253
479 480 0.1831517911
480 481 -1.3688263950
481 482 -0.6472933720
482 483 0.5795174466
483 484 -1.0755191761
