1 2 -0.8592321856
1 23 0.3672488908
2 3 0.6321623766
2 24 0.5908794429
3 4 -0.1354500582
3 25 -0.1910894060
4 5 -0.9290290395
4 26 -0.3063541937
5 6 -0.4978132751
5 27 -0.3071397417
6 7 -0.4954296185
6 28 -0.9226134721
7 8 0.9832234041
7 29 0.7871112466
8 9 0.4025925725
8 30 -0.3128223662
9 10 -0.6196251051
9 31 -0.7443518274
10 11 -0.9292951947
10 32 -0.4473706938
11 12 -0.2849506558
11 33 -0.4349072416
12 13 0.0648019856
12 34 0.3488306449
13 14 0.1207107882
13 35 -0.4593781655
14 15 -0.9880291718
14 36 -0.3537474235
15 16 -0.5816450357
15 37 0.6581714844
16 17 0.9463014484
16 38 -0.6007404879
17 18 -0.8074450764
17 39 0.9506475791
18 19 0.0165053631
18 40 -0.0525103347
19 20 -0.1927320208
19 41 0.8960849098
20 21 -0.7901790561
20 42 -0.4565323607
21 22 -0.6367000228
21 43 -0.0004455057
22 44 0.8080629485
23 24 -0.6203788176
23 45 0.4825618768
24 25 0.5620999125
24 46 0.0812535948
25 26 0.0637884921
25 47 0.6438939882
26 27 -0.4190195604
26 48 0.6645155424
27 28 -0.0628997687
27 49 -0.8563410982
28 29 -0.5376278368
28 50 0.6996330107
29 30 -0.2189873160
29 51 0.2453100923
30 31 0.0207465926
30 52 -0.8221944573
31 32 -0.6972028240
31 53 0.3690081932
32 33 0.2323025577
32 54 0.6243639300
33 34 -0.1367883056
33 55 -0.3751916101
34 35 0.7483169123
34 56 -0.1470731304
35 36 -0.5992134359
35 57 -0.2681087543
36 37 -0.9464599632
36 58 0.0091704825
37 38 -0.7768434496
37 59 -0.4284607371
38 39 0.2967669402
38 60 0.5487247870
39 40 -0.0078582329
39 61 -0.5856014001
40 41 0.5100511195
40 62 -0.8301873468
41 42 0.0096551710
41 63 -0.0664644593
42 43 -0.8907436678
42 64 -0.4417241163
43 44 0.4950148109
43 65 0.0027031142
44 66 0.2928687065
45 46 0.2651224724
45 67 0.3741342094
46 47 0.5468499051
46 68 -0.5636742067
47 48 -0.3017035732
47 69 -0.8998114803
48 49 -0.5374708943
48 70 -0.8214507119
49 50 -0.7048189659
49 71 -0.6527608536
50 51 0.7853541756
50 72 0.9145693913
51 52 0.3278896762
51 73 0.4109973561
52 53 -0.7962012702
52 74 0.8275537898
53 54 0.6084100018
53 75 -0.0316530385
54 55 -0.2539997611
54 76 -0.7132516216
55 56 0.7141099604
55 77 -0.1632373511
56 57 -0.3786826593
56 78 0.4951662859
57 58 -0.2947233666
57 79 0.1154126142
58 59 -0.4222319102
58 80 -0.9193220280
59 60 -0.8003193670
59 81 -0.0264125002
60 61 0.9589583507
60 82 0.0209192187
61 62 -0.3044508449
61 83 -0.0317595443
62 63 -0.3647127663
62 84 -0.1350165964
63 64 -0.8529803425
63 85 -0.8830925889
64 65 0.8556802365
64 86 0.4711200508
65 66 -0.2304863674
65 87 0.0283115562
66 88 0.9404813660
67 68 0.1692732906
67 89 -0.4338942247
68 69 0.8052136693
68 90 0.1712979656
69 70 0.0706742743
69 91 -0.8179503150
70 71 -0.3885549237
70 92 0.6696016617
71 72 -0.4596228466
71 93 -0.2218906116
72 73 0.9698023104
72 94 0.6879228216
73 74 -0.5787574362
73 95 -0.7357793421
74 75 0.3744280773
74 96 -0.1703592426
75 76 0.2710194266
75 97 0.1776437357
76 77 0.6453923732
76 98 -0.3854160296
77 78 0.4198106631
77 99 0.8711195376
78 79 0.0920102482
78 100 -0.8633654894
79 80 -0.7652688904
79 101 -0.9094694691
80 81 0.4414532896
80 102 -0.1589433612
81 82 0.6027527725
81 103 0.9565820420
82 83 -0.7088271356
82 104 0.1718163976
83 84 0.8954933035
83 105 -0.3434974547
84 85 0.0390074667
84 106 -0.5590524166
85 86 0.2527590725
85 107 -0.5890584628
86 87 -0.2078144678
86 108 0.4750206183
87 88 -0.6777314009
87 109 -0.7066141980
88 110 0.2888687506
89 90 0.1985979119
89 111 -0.7359181817
90 91 -0.7862486208
90 112 0.9997854870
91 92 -0.9783940148
91 113 0.3718598855
92 93 -0.4629543121
92 114 0.7023115537
93 94 -0.7665789814
93 115 -0.5171440738
94 95 -0.9115328917
94 116 -0.4109468772
95 96 0.9669179162
95 117 0.9796235677
96 97 -0.9906323492
96 118 -0.5884020167
97 98 0.6652457626
97 119 0.9525927364
98 99 0.8609406677
98 120 0.5526596402
99 100 0.0616694364
99 121 0.0862609944
100 101 -0.5496477257
100 122 -0.1365671232
101 102 0.7008610965
101 123 0.2438009259
102 103 -0.5241275418
102 124 -0.6652383525
103 104 0.4756512045
103 125 0.9188934561
104 105 0.5001461630
104 126 0.0975075144
105 106 -0.6938859938
105 127 0.2430989554
106 107 0.1350697671
106 128 0.0613706128
107 108 0.2577361286
107 129 -0.3223986785
108 109 -0.1093429719
108 130 -0.2472738910
109 110 -0.4506019535
109 131 -0.4657262335
110 132 0.6103309165
111 112 -0.6813249914
111 133 0.5015498961
112 113 -0.1252868580
112 134 -0.5427474084
113 114 0.0755162650
113 135 0.7449131899
114 115 0.5562387376
114 136 0.1743901026
115 116 0.2366358226
115 137 -0.3196270342
116 117 0.4576744504
116 138 0.5975515179
117 118 0.6957218755
117 139 0.7600582733
118 119 0.4891765353
118 140 0.9317368330
119 120 -0.3303343066
119 141 0.5432925871
120 121 -0.3355355329
120 142 -0.7851223709
121 122 0.3892446562
121 143 -0.4429025373
122 123 0.5559457470
122 144 0.2738331672
123 124 0.9257091179
123 145 -0.8709835961
124 125 0.5390069042
124 146 -0.6345830738
125 126 -0.2498212438
125 147 -0.5994285256
126 127 -0.5594560325
126 148 -0.4242403303
127 128 0.3791156819
127 149 -0.6071707373
128 129 0.6078364323
128 150 0.4897856415
129 130 -0.1234680004
129 151 0.1727780915
130 131 0.3021720381
130 152 0.8512433903
131 132 0.7917910749
131 153 -0.4943994671
132 154 0.2369989549
133 134 -0.8348969918
133 155 0.0564052608
134 135 0.3457737074
134 156 0.6215746215
135 136 0.0099956513
135 157 -0.6469362181
136 137 0.1501258094
136 158 0.6209490330
137 138 -0.2067813026
137 159 -0.4069827721
138 139 -0.5951524533
138 160 0.1609923676
139 140 -0.5943163056
139 161 -0.9257561326
140 141 -0.4427983423
140 162 0.7301154667
141 142 0.1308085812
141 163 -0.3641812151
142 143 -0.6525452557
142 164 -0.7319633104
143 144 0.9597956597
143 165 0.8135948264
144 145 0.3054597612
144 166 0.1752746087
145 146 -0.5361778064
145 167 -0.1951271263
146 147 -0.7851306139
146 168 0.2674384769
147 148 -0.5956094300
147 169 0.0492817090
148 149 -0.0601057742
148 170 0.7257257444
149 150 -0.5064961907
149 171 -0.0146544176
150 151 0.3411211359
150 172 0.6262504899
151 152 0.9980707845
151 173 -0.5970301184
152 153 -0.3651230842
152 174 -0.3942431867
153 154 0.2070022851
153 175 -0.8250569025
154 176 -0.7797195442
155 156 -0.1621598011
155 177 0.6621743543
156 157 -0.9988283469
156 178 -0.3643546057
157 158 0.0138665909
157 179 0.7101513120
158 159 0.4078239705
158 180 0.1767944469
159 160 0.4104434141
159 181 0.9169869182
160 161 0.4540815425
160 182 -0.2175359760
161 162 0.4029215325
161 183 0.3674236922
162 163 -0.8934445875
162 184 0.5976105742
163 164 0.2814171885
163 185 0.5107460576
164 165 -0.8427839401
164 186 0.0281245422
165 166 0.8002512301
165 187 0.4345193616
166 167 -0.9502507415
166 188 0.4483146251
167 168 0.6261714110
167 189 0.6071512506
168 169 0.8255625698
168 190 -0.8932597704
169 170 -0.2202715530
169 191 0.1931682834
170 171 -0.3837954329
170 192 -0.2435473789
171 172 -0.3607433918
171 193 0.4464015444
172 173 0.4790103767
172 194 0.3312189622
173 174 -0.8109032397
173 195 0.9923515035
174 175 -0.6822960850
174 196 0.3020902688
175 176 0.3388331411
175 197 -0.0406314529
176 198 -0.9833330902
177 178 -0.0121436991
177 199 -0.3603361051
178 179 0.9458769232
178 200 0.1201538605
179 180 0.3053029865
179 201 0.7304296508
180 181 0.8718904521
180 202 0.7240445980
181 182 0.8645801151
181 203 0.5726692846
182 183 0.9180643932
182 204 -0.2538679466
183 184 0.8160913783
183 205 -0.2842066736
184 185 0.5685003732
184 206 0.3255971931
185 186 0.4656256779
185 207 -0.2206373676
186 187 -0.0524922383
186 208 0.6958454604
187 188 -0.3231104915
187 209 0.6911234236
188 189 -0.5756980098
188 210 -0.8559663227
189 190 -0.2658465955
189 211 -0.0903545273
190 191 0.9532493705
190 212 0.6785906335
191 192 -0.2843274531
191 213 -0.4604968128
192 193 -0.7292417993
192 214 0.2590188585
193 194 0.1780832265
193 215 -0.9721224356
194 195 -0.8816863815
194 216 -0.5164570978
195 196 0.6318839880
195 217 -0.6328705108
196 197 -0.4256486517
196 218 -0.1634204417
197 198 0.1546256400
197 219 0.1313044898
198 220 -0.3322609336
199 200 0.3552220694
199 221 0.7395904987
200 201 -0.4063040492
200 222 -0.2702467693
201 202 -0.9208090752
201 223 0.8174665589
202 203 -0.4333967836
202 224 0.1725767277
203 204 0.7784648826
203 225 -0.0393972631
204 205 0.6848917573
204 226 0.0525996722
205 206 -0.1082130925
205 227 0.5211222294
206 207 -0.8722911664
206 228 -0.3113807563
207 208 0.0217456273
207 229 -0.8609287866
208 209 -0.2603080022
208 230 -0.3614516905
209 210 0.2923120575
209 231 -0.4833194499
210 211 -0.8379117220
210 232 0.2364810515
211 212 0.8578357500
211 233 -0.0562223622
212 213 0.5687176614
212 234 -0.6411187498
213 214 -0.1170280443
213 235 -0.6412479385
214 215 0.5682557567
214 236 0.0350650097
215 216 0.5665234946
215 237 0.1034118901
216 217 -0.6927869009
216 238 -0.5780648504
217 218 -0.6006110343
217 239 -0.4230248577
218 219 0.5854860836
218 240 0.7166494175
219 220 -0.3938091714
219 241 0.3481383141
220 242 -0.3755257892
221 222 -0.7002382493
221 243 0.2999811627
222 223 -0.7860181380
222 244 -0.9169997176
223 224 0.5428427612
223 245 -0.3733569250
224 225 0.7228771497
224 246 0.8749927366
225 226 0.7023788872
225 247 0.1267632751
226 227 -0.3319129448
226 248 0.3387046407
227 228 -0.3240415162
227 249 -0.6707043045
228 229 -0.7758473243
228 250 0.1574280245
229 230 0.7048597529
229 251 -0.4781119134
230 231 0.9362523409
230 252 -0.2483612981
231 232 -0.5294600905
231 253 0.9977789364
232 233 -0.2320152213
232 254 0.9196291758
233 234 0.4178947668
233 255 0.1032411507
234 235 0.9155435394
234 256 -0.8670504687
235 236 -0.6287973914
235 257 0.4374012391
236 237 0.2158631359
236 258 -0.2936122374
237 238 0.0846823432
237 259 0.9282490412
238 239 0.0664622476
238 260 -0.1766241773
239 240 -0.1417031059
239 261 0.6489778542
240 241 0.8898331828
240 262 -0.0005691917
241 242 -0.2421206554
241 263 0.2346345850
242 264 0.9063768806
243 244 -0.2057870128
243 265 0.2624294153
244 245 -0.1715007336
244 266 0.3055495637
245 246 0.2925394648
245 267 -0.6492697635
246 247 0.4654881365
246 268 -0.9683517427
247 248 -0.0098119273
247 269 -0.5192496640
248 249 -0.9411468580
248 270 -0.8648324544
249 250 0.1536002677
249 271 -0.9802222561
250 251 -0.4634045651
250 272 -0.9532012345
251 252 -0.0210775692
251 273 0.6278871544
252 253 -0.7855352640
252 274 -0.0609953653
253 254 -0.3257276736
253 275 0.3796769293
254 255 -0.5024465678
254 276 0.4672222282
255 256 -0.8960572731
255 277 0.5657312551
256 257 -0.3677863977
256 278 0.4228775210
257 258 0.0274940115
257 279 0.5485729534
258 259 -0.2076280763
258 280 0.1318972942
259 260 -0.3690333907
259 281 -0.1450256639
260 261 -0.8995709431
260 282 -0.4594763123
261 262 0.7476892338
261 283 0.2142750869
262 263 0.5417886878
262 284 -0.6200392224
263 264 -0.0184228440
263 285 0.6240241515
264 286 0.0360320339
265 266 0.4347215166
265 287 -0.1266263678
266 267 0.3802312477
266 288 0.8477847801
267 268 -0.1868623017
267 289 -0.0958809195
268 269 0.1952341646
268 290 0.2610226508
269 270 0.6523183695
269 291 0.7187379501
270 271 -0.9772828352
270 292 -0.9463665201
271 272 -0.6563785520
271 293 -0.1818939205
272 273 -0.3038005570
272 294 0.8996966046
273 274 0.2174326978
273 295 0.2485004763
274 275 -0.7191024607
274 296 -0.7185316869
275 276 -0.6730877688
275 297 0.3522900337
276 277 0.2808065052
276 298 0.7806644537
277 278 -0.9321452922
277 299 -0.4907779378
278 279 -0.6550097252
278 300 0.4820213132
279 280 -0.1062758891
279 301 0.2817770490
280 281 -0.8108871958
280 302 -0.5223617144
281 282 -0.8023252839
281 303 0.3322160514
282 283 0.8016525494
282 304 -0.1850283177
283 284 -0.8840900407
283 305 -0.8736106820
284 285 0.8960842710
284 306 -0.7665914918
285 286 0.3507956459
285 307 0.8761530509
286 308 0.5502944657
287 288 -0.5282986388
287 309 -0.6037499658
288 289 -0.0914165483
288 310 -0.2541980070
289 290 0.1883702655
289 311 0.8435849503
290 291 0.7254173660
290 312 0.7133667515
291 292 -0.7528310811
291 313 0.8057786481
292 293 -0.3712033218
292 314 0.1924660836
293 294 0.9879657491
293 315 -0.4974127491
294 295 0.1719552132
294 316 0.2412196891
295 296 0.4439138338
295 317 -0.0185804799
296 297 0.3497987155
296 318 0.7891567586
297 298 0.8080340491
297 319 -0.2439862984
298 299 -0.1360354658
298 320 0.8898728602
299 300 -0.7499773304
299 321 0.5115101564
300 301 -0.5987665628
300 322 0.4036498691
301 302 0.9420909607
301 323 -0.8656393157
302 303 -0.2092785216
302 324 0.7401445525
303 304 -0.5459071254
303 325 -0.2383315561
304 305 0.0726307843
304 326 -0.2936176718
305 306 -0.1397084318
305 327 0.7715553259
306 307 -0.1731574095
306 328 0.3960170412
307 308 -0.7792276661
307 329 -0.1294113837
308 330 0.9093404388
309 310 0.4151274764
309 331 0.7925459263
310 311 -0.0656272008
310 332 -0.3311181674
311 312 0.9081179931
311 333 0.5164390799
312 313 -0.6448898445
312 334 -0.5974767019
313 314 -0.5959468906
313 335 0.6048252619
314 315 -0.6070754840
314 336 -0.6286676442
315 316 0.0654580737
315 337 -0.8880854810
316 317 -0.8195135691
316 338 -0.9271526121
317 318 -0.0589954019
317 339 0.0300095099
318 319 -0.2492304363
318 340 -0.8839777541
319 320 0.3358470543
319 341 -0.1964845032
320 321 -0.1422089823
320 342 -0.1201282302
321 322 0.6129887879
321 343 0.1941759100
322 323 -0.2209653043
322 344 -0.5765573896
323 324 -0.9707512812
323 345 0.6512439842
324 325 0.1882053152
324 346 -0.8491242762
325 326 0.6059759076
325 347 -0.8258777807
326 327 -0.2463449066
326 348 0.8682789457
327 328 -0.0892727341
327 349 0.6211022485
328 329 -0.5682434823
328 350 0.5778387567
329 330 -0.4217780339
329 351 -0.6354922125
330 352 -0.9105649786
331 332 -0.7098951814
331 353 -0.2045443828
332 333 0.0707216041
332 354 -0.6430613214
333 334 -0.1729374923
333 355 0.1548578849
334 335 0.2554335147
334 356 0.5694222373
335 336 -0.2272246018
335 357 0.4385387385
336 337 0.7629643056
336 358 0.0788881739
337 338 0.5570022907
337 359 0.6706482785
338 339 -0.5279752851
338 360 -0.9108967441
339 340 -0.4477075835
339 361 0.8823401531
340 341 0.0481300980
340 362 -0.2013041760
341 342 0.1251560678
341 363 -0.9786821028
342 343 0.2725886836
342 364 -0.3489358172
343 344 0.7033347997
343 365 -0.1369889120
344 345 -0.7591191281
344 366 0.6984941080
345 346 -0.2631273613
345 367 0.1948374182
346 347 0.7618994051
346 368 -0.5167697995
347 348 0.3371507147
347 369 -0.9794776804
348 349 -0.3195774760
348 370 -0.8770824768
349 350 -0.4321658294
349 371 0.9461063234
350 351 0.9663342450
350 372 0.9789472080
351 352 -0.2034421720
351 373 -0.3627853912
352 374 -0.3325012601
353 354 -0.4213336182
353 375 0.9176785937
354 355 -0.8804721237
354 376 -0.4135739465
355 356 -0.9614616385
355 377 0.5687750149
356 357 -0.4807402963
356 378 -0.3464044085
357 358 0.8220933474
357 379 -0.1870646333
358 359 -0.0976846046
358 380 0.6940438833
359 360 -0.4497859428
359 381 -0.0896711938
360 361 -0.0549757225
360 382 -0.4714042818
361 362 0.5194310038
361 383 0.4155519657
362 363 0.8643253937
362 384 0.8576671733
363 364 0.3146157949
363 385 0.5505538742
364 365 -0.7771223857
364 386 -0.5394846671
365 366 -0.4782015777
365 387 0.4144229196
366 367 0.2352082273
366 388 -0.9127349806
367 368 0.8695358596
367 389 -0.9010248087
368 369 -0.9733189518
368 390 0.4709470344
369 370 0.1697939663
369 391 -0.6701743473
370 371 -0.7885737157
370 392 0.4125116867
371 372 0.0422013528
371 393 0.1580107233
372 373 0.8364678723
372 394 -0.4776137099
373 374 -0.9895583776
373 395 0.3106588048
374 396 0.4163639331
375 376 -0.6803648983
375 397 0.1513691173
376 377 -0.7522831469
376 398 0.4716368160
377 378 -0.9672845513
377 399 -0.6847120200
378 379 0.8138336008
378 400 0.4958267472
379 380 0.4539036656
379 401 -0.9507194362
380 381 -0.3600457854
380 402 0.5199677576
381 382 -0.1029994492
381 403 0.4985509460
382 383 0.5765639667
382 404 -0.0163038163
383 384 0.2871654167
383 405 -0.4246077358
384 385 -0.3204877243
384 406 0.4313947163
385 386 0.8062648175
385 407 -0.1894791305
386 387 0.4557239983
386 408 0.0268194860
387 388 -0.6257047751
387 409 0.1749302749
388 389 -0.2994198791
388 410 -0.7968910175
389 390 0.8506966507
389 411 -0.4408934981
390 391 -0.1707400854
390 412 0.3202016681
391 392 0.4839936433
391 413 -0.5592215825
392 393 -0.5394608358
392 414 0.8306248488
393 394 0.4228563285
393 415 0.4978653576
394 395 0.4461621297
394 416 -0.7617653555
395 396 0.6607554255
395 417 0.5226473771
396 418 -0.9392368880
397 398 -0.1837504010
397 419 0.4619447459
398 399 0.9917376828
398 420 -0.2506645333
399 400 -0.4530322002
399 421 0.1577932463
400 401 -0.8363162723
400 422 0.1527601606
401 402 -0.0050641461
401 423 -0.2492566738
402 403 -0.2795360621
402 424 0.0125637661
403 404 0.9804333588
403 425 0.0337313618
404 405 -0.6820299649
404 426 0.1261643843
405 406 -0.5615902732
405 427 -0.5557560763
406 407 0.2403888745
406 428 0.9670411315
407 408 -0.7934522519
407 429 -0.7063174037
408 409 0.4302965214
408 430 -0.2538451364
409 410 0.4296579486
409 431 0.5221583956
410 411 0.9908542512
410 432 -0.3253651392
411 412 0.1172854695
411 433 0.0601059819
412 413 -0.8117451932
412 434 -0.0261074776
413 414 -0.4330407589
413 435 -0.3322820371
414 415 -0.8505818565
414 436 0.4854617840
415 416 -0.1564780193
415 437 0.7424297373
416 417 0.3981811081
416 438 0.6501761500
417 418 -0.5596881398
417 439 0.7968134995
418 440 -0.6198288495
419 420 -0.3139594354
419 441 -0.7530356059
420 421 0.2965482625
420 442 -0.6774568446
421 422 -0.6229966823
421 443 -0.1248233287
422 423 0.8936986624
422 444 -0.7517368460
423 424 -0.0092682106
423 445 -0.7954301713
424 425 0.2479685558
424 446 -0.2757236570
425 426 0.7998445784
425 447 0.9978688707
426 427 -0.5647520077
426 448 0.9423506577
427 428 0.5525964909
427 449 0.6496172299
428 429 0.8706594190
428 450 0.9897587742
429 430 0.0804539278
429 451 -0.5195958386
430 431 0.5645967595
430 452 -0.0108424596
431 432 -0.9565819692
431 453 0.9044835687
432 433 0.0597373570
432 454 -0.6626686300
433 434 -0.0424409422
433 455 -0.6535639594
434 435 -0.6483358270
434 456 0.9824679433
435 436 0.6561124369
435 457 -0.4802457109
436 437 0.2361188876
436 458 0.4120839145
437 438 0.2204067830
437 459 -0.7684339199
438 439 0.2924964103
438 460 -0.2338123620
439 440 -0.9176647878
439 461 0.3533987742
440 462 0.1028187689
441 442 0.7699092337
441 463 0.6761245635
442 443 0.7831239797
442 464 0.0344159940
443 444 0.2999843736
443 465 -0.5361886668
444 445 0.7516452158
444 466 -0.9843387119
445 446 -0.7450503008
445 467 -0.6920009369
446 447 0.3905603002
446 468 -0.8131439553
447 448 -0.0994590061
447 469 0.3666788282
448 449 -0.1800510575
448 470 -0.1260772868
449 450 0.4359544530
449 471 0.6879829549
450 451 -0.7438900276
450 472 0.9173141763
451 452 0.0325106613
451 473 -0.0405125347
452 453 -0.5016098364
452 474 -0.5790193350
453 454 -0.7320676919
453 475 -0.7848306554
454 455 0.0008395313
454 476 0.1302386085
455 456 0.3176118442
455 477 -0.3775291479
456 457 -0.8215762800
456 478 0.6149006757
457 458 0.6265854197
457 479 -0.4417331458
458 459 0.2318644148
458 480 0.4760977158
459 460 -0.1939512343
459 481 0.3015860952
460 461 -0.2800731524
460 482 0.8898832916
461 462 -0.3969199227
461 483 -0.0432903054
462 484 -0.6870013940
463 464 0.6092837823
464 465 -0.0001253171
465 466 0.6142797265
466 467 0.3494008185
467 468 -0.6362842258
468 469 -0.4788918739
469 470 0.9448837842
470 471 -0.9133473953
471 472 -0.5154693702
472 473 0.6109027012
473 474 0.0702044736
474 475 0.7438830799
475 476 0.6472158086
476 477 0.7012932544
477 478 -0.6280072016
478 479 -0.1562779765
479 480 0.0497350263
480 481 -0.4682588651
481 482 -0.3429288517
482 483 -0.7940909697
483 484 0.4495538991
