1 2 0.2047076595
1 23 -0.4789433381
1 24 -1.2602399307
2 3 0.5194387151
2 24 0.5557303043
2 25 -0.1064022921
3 4 -1.9657805725
3 25 -1.3934058330
3 26 1.3938395921
4 5 -0.0929078767
4 26 -0.2817461528
4 27 0.5667914738
5 6 -0.7690225676
5 27 -1.2464347364
5 28 0.9465469068
6 7 -1.0071893576
6 28 1.2962211091
6 29 1.3318261812
7 8 -0.2749916334
7 29 -0.2289128789
7 30 0.3783911474
8 9 -1.3529168352
8 30 -0.8864293406
8 31 -0.0603594165
9 10 2.0016373097
9 31 0.3718425371
9 32 0.4849210202
10 11 -1.6690253095
10 32 0.4385697358
10 33 -0.4069629041
11 12 0.5397414455
11 33 -0.4769850104
11 34 -0.2547516813
12 13 -3.2489439194
12 34 1.0212275244
12 35 -0.0706983543
13 14 0.5770873030
13 35 -0.1241212757
13 36 -1.2289259733
14 15 -0.3026135619
14 36 -0.5237720682
14 37 -1.5255567551
15 16 -0.0009402778
15 37 -1.3438097936
15 38 -0.9124704703
16 17 0.7135439851
16 38 0.8311535389
16 39 -0.6343166412
17 18 2.3702316540
17 39 1.8607607886
17 40 1.2907014928
18 19 0.8607573984
18 40 -0.5601452930
18 41 1.1322339600
19 20 1.2659344917
19 41 -0.1198271247
19 42 0.7284630874
20 21 1.0635124481
20 42 -0.3328827156
20 43 -0.3292906567
21 22 2.3594188074
21 43 0.1995429553
21 44 0.5368679831
22 44 0.9707359123
23 24 1.5419955279
23 45 -0.2863497470
23 46 -0.9184047995
23 2 -1.8785557166
24 25 1.3070302510
24 46 0.7538865348
24 47 0.2786246826
24 3 -0.3100509730
25 26 -0.3779841109
25 47 -1.3497422145
25 48 1.3969976145
25 4 -0.2480129971
26 27 -0.3312856502
26 48 -0.2466741100
26 49 -0.8302539106
26 5 0.6694363070
27 28 -0.0698766888
27 49 -1.0048115908
27 50 0.9156971231
27 6 0.3817789028
28 29 0.0118616011
28 50 0.9192615577
28 51 0.6630670123
28 7 1.0651029999
29 30 -1.3271946138
29 51 -0.0221845987
29 52 -0.4983881646
29 8 0.9864531911
30 31 1.5491064383
30 52 0.6605243277
30 53 1.0670353245
30 9 -0.7647119748
31 32 -0.7583631450
31 53 0.0100319021
31 54 -2.1112871852
31 10 -0.6185099990
32 33 -0.8625800825
32 54 -0.6702155944
32 55 -1.3687557679
32 11 0.2805302397
33 34 -0.0500093559
33 55 0.9558688523
33 56 -0.6542453343
33 12 -1.0251877866
34 35 -0.8529650322
34 56 2.3042338788
34 57 0.0031598720
34 13 -0.0875239905
35 36 0.0234933207
35 57 1.2183019766
35 58 -1.5982908861
35 14 0.5731526028
36 37 0.6524688415
36 58 -1.0746226901
36 59 -2.4029120879
36 15 0.9622018931
37 38 1.3326097077
37 59 -0.6900018528
37 60 -0.1076574423
37 16 -0.8272825886
38 39 -0.7236415053
38 60 0.5030873914
38 61 1.1599257251
38 17 0.1272923426
39 40 -1.0015434425
39 61 0.9211686080
39 62 -1.3738904697
39 18 1.5308984279
40 41 0.6222742251
40 62 -0.2228955458
40 63 -0.9309437641
40 19 0.5262283406
41 42 0.7262134927
41 63 1.1577194663
41 64 1.8301562649
41 20 0.4997971266
42 43 -0.0513161009
42 64 -0.4336096057
42 65 -0.3340883506
42 21 0.5831441696
43 44 -0.8167069359
43 65 -1.8248752113
43 66 0.1780982257
43 22 0.8268607980
44 66 -0.8505910987
45 46 -1.0107369460
45 67 -0.9124141520
45 68 -0.0611919495
45 24 0.5629801335
46 47 0.9975182477
46 68 -2.1694614377
46 69 0.6085058360
46 25 0.0793993782
47 48 0.1315776012
47 69 -2.0036973624
47 70 -0.5440662865
47 26 0.1304595386
48 49 -0.1882106804
48 70 -0.7952531559
48 71 1.6833251750
48 27 0.2447138893
49 50 0.1149282046
49 71 0.7485315485
49 72 -1.8587912158
49 28 -0.2408212015
50 51 -0.0296101523
50 72 -0.1526765728
50 73 0.2793972877
50 29 2.2252799638
51 52 -0.1181097537
51 73 0.5625401881
51 74 0.2879902371
51 30 0.3211947637
52 53 -0.5849697379
52 74 0.9290062022
52 75 -0.5228577345
52 31 -0.3803389764
53 54 1.5656572938
53 75 0.0362638461
53 76 1.7603716914
53 32 -0.2554521724
54 55 0.0326641392
54 76 -0.9809284775
54 77 -1.5686061974
54 33 0.6341899620
55 56 0.4825726457
55 77 -1.5817000942
55 78 0.0098130028
55 34 0.9706494893
56 57 -1.0953900601
56 78 -0.4570018713
56 79 0.0419434456
56 35 1.1718952191
57 58 0.5894876862
57 79 1.5692706052
57 80 0.3623808440
57 36 0.7456048255
58 59 0.5287348261
58 80 0.4028269244
58 81 -2.1838301491
58 37 0.9133999980
59 60 -0.9299687590
59 81 0.1934011079
59 82 -0.3342696953
59 38 0.5893602622
60 61 1.0224869780
60 82 1.6489848195
60 83 0.1684955778
60 39 0.1392975162
61 62 -0.2204868633
61 83 1.1668322163
61 84 1.5311513550
61 40 -0.6189647820
62 63 -0.6691583365
62 84 -0.7021101715
62 85 1.0977318969
62 41 0.9835047174
63 64 2.2527972468
63 85 0.1391421881
63 86 0.2272281891
63 42 0.8116756390
64 65 -0.3536071021
64 86 0.6065451253
64 87 1.4225753279
64 43 0.1387301458
65 66 0.2745692046
65 87 0.0170070368
65 88 -0.2162053839
65 44 -0.4886749937
66 88 1.8008399135
67 68 -0.1076572215
67 89 -0.9890083019
67 90 -0.3333917065
67 46 -2.1223147025
68 69 0.4170644082
68 90 -0.5551544103
68 91 0.4483013742
68 47 -0.8841108212
69 70 1.2241452842
69 91 0.4405535702
69 92 -1.1651478082
69 48 0.0720516756
70 71 -1.6347362046
70 92 -0.4987914899
70 93 0.7993184949
70 49 -0.3238855449
71 72 -0.4579401431
71 93 -1.3205658426
71 94 0.6129047388
71 50 -0.5268604348
72 73 -1.3067197249
72 94 0.6534376751
72 95 -0.8382952236
72 51 0.5484194523
73 74 0.3013502799
73 95 0.3917252489
73 96 -0.4343040378
73 52 0.0212989863
74 75 0.8239910399
74 96 0.0171414356
74 97 -0.7580403401
74 53 -0.0891745988
75 76 -0.5079647858
75 97 -0.6355123567
75 98 -0.3392307199
75 54 -0.5727964491
76 77 -0.1869795141
76 98 -0.7180858345
76 99 0.8155260276
76 55 -1.1281794045
77 78 0.2722929752
77 99 1.6777902458
77 100 -2.4064827187
77 56 0.3422771446
78 79 -0.6803207487
78 100 1.5637398457
78 101 0.6696185723
78 57 -0.0530717701
79 80 0.7571765024
79 101 -1.0459125333
79 102 0.3958133937
79 58 1.6943124911
80 81 0.3042730760
80 102 0.2476991162
80 103 -1.3375081055
80 59 -1.1274526176
81 82 -0.4269860851
81 103 0.1167470043
81 104 -0.3293133729
81 60 1.1866227817
82 83 0.3674875215
82 104 -2.0687078513
82 105 -0.1378887774
82 61 1.0283888066
83 84 -1.2199543649
83 105 -1.4401668688
83 106 -1.9276402671
83 62 0.9989483568
84 85 0.4162321318
84 106 -1.2273869948
84 107 1.8693406496
84 63 1.0791110806
85 86 1.8447876161
85 107 -0.7464330382
85 108 0.0179051694
85 64 -0.4051475573
86 87 0.7769674736
86 108 0.6794004105
86 109 -0.0108667200
86 65 1.4427921463
87 88 0.1105573596
87 109 0.8687307344
87 110 0.4891796492
87 66 1.1231648092
88 110 0.4706309312
89 90 -1.9207842619
89 111 0.8388266886
89 112 -1.6586684314
89 68 0.4598492885
90 91 -2.2246595902
90 112 0.5578047171
90 113 0.1949639457
90 69 0.2547422620
91 92 -0.7273687816
91 113 0.3726415527
91 114 0.2960882519
91 70 1.2613437948
92 93 1.2138509056
92 114 -1.7551083858
92 115 0.0199409341
92 71 0.6212492355
93 94 0.9192416971
93 115 -1.2700247317
93 116 -1.1926295514
93 72 -0.7772333258
94 95 -0.4351553046
94 116 0.6347092552
94 117 0.6329145092
94 73 -0.3164466536
95 96 0.5674548710
95 117 0.2894358999
95 118 0.0650607441
95 74 1.0344231568
96 97 0.9265569013
96 118 0.7285046785
96 119 -0.9219082129
96 75 2.2131332545
97 98 -1.2098099861
97 119 -0.2668932127
97 120 -0.3797063215
97 76 -0.5539326419
98 99 0.9743781265
98 120 -0.9109826419
98 121 1.1270726972
98 77 0.6887562903
99 100 0.3957007523
99 121 1.4134160388
99 122 -0.5902750248
99 78 0.3324201505
100 101 0.7342970719
100 122 -0.2522752089
100 123 -0.0548540655
100 79 1.3614280152
101 102 -0.8387750727
101 123 0.5683634469
101 124 -0.1603805190
101 80 -0.7811988724
102 103 -0.7211943389
102 124 0.5773854728
102 125 0.7128995685
102 81 0.1807367301
103 104 1.0209026133
103 125 0.8250199718
103 126 -0.3176352874
103 82 0.4165837549
104 105 -1.2966078420
104 126 0.1529858033
104 127 0.8787770274
104 83 0.7325988876
105 106 -1.1274811036
105 127 0.1326092519
105 128 -0.2058553054
105 84 0.7196718660
106 107 -0.3093621681
106 128 -0.6095118446
106 129 0.2259588986
106 85 0.3158131132
107 108 1.1686340733
107 129 -1.2399798823
107 130 -1.4966941687
107 86 0.4285789824
108 109 2.6444094904
108 130 -1.4300418060
108 131 0.5036574799
108 87 1.7202848636
109 110 0.7519210031
109 131 -0.6032821300
109 132 -0.0460493892
109 88 -0.8241695853
110 132 0.2554905562
111 112 -1.4572997046
111 133 -0.4683666812
111 134 -0.9305685177
111 90 -1.8324924138
112 113 0.4937792570
112 134 1.8245045373
112 135 0.5956486763
112 91 -0.4541045919
113 114 0.1357221402
113 135 -1.0228723843
113 136 1.2541568861
113 92 0.9769140629
114 115 0.8468524513
114 136 -0.0909370895
114 137 0.6084623153
114 93 0.5812743934
115 116 -1.2635722565
115 137 -0.2179570165
115 138 0.0765419122
115 94 0.0381001393
116 117 0.4456883799
116 138 1.7414939547
116 139 -0.2668389887
116 95 1.0981269916
117 118 0.9616039243
117 139 -1.4366027858
117 140 1.0802485300
117 96 -0.8024141316
118 119 -0.6254281565
118 140 2.4202944291
118 141 0.6300887543
118 97 0.1542079595
119 120 -1.1074246008
119 141 -0.2373722616
119 142 -0.5798151145
119 98 -1.9564631970
120 121 0.3501086568
120 142 -0.0652531808
120 143 1.2727277097
120 99 -0.2707798643
121 122 0.8948131305
121 143 0.0302800519
121 144 0.5110046548
121 100 -0.5259621529
122 123 1.0522557396
122 144 0.6424367505
122 145 -0.6677370096
122 101 -1.1390957081
123 124 0.5762073864
123 145 1.0829222557
123 146 -0.8411774403
123 102 -0.5500778996
124 125 1.0623296283
124 146 0.2362236685
124 147 0.9977631420
124 103 -0.1603012509
125 126 -0.0009573691
125 147 0.3316605567
125 148 0.5599015410
125 104 0.3082717013
126 127 1.3675241050
126 148 1.0767419440
126 149 1.0183788947
126 105 -2.4588419084
127 128 -0.9404893214
127 149 0.8711876507
127 150 0.3206754084
127 106 -0.8506844492
128 129 -1.0401792459
128 150 1.2114110667
128 151 2.4315938738
128 107 -0.3030045716
129 130 -0.4292135883
129 151 0.5816468501
129 152 0.5061667459
129 108 -1.9054549931
130 131 -0.6418178163
130 152 -0.4645747935
130 153 0.8043004616
130 109 -0.1339613796
131 132 -1.3940722262
131 153 -0.8042226978
131 154 0.1056635214
131 110 0.6110422466
132 154 -2.0103900112
133 134 0.1924659820
133 155 0.9779362324
133 156 -2.0130671642
133 112 -1.0061659763
134 135 -0.4208519969
134 156 -0.4833378219
134 157 0.6541471472
134 113 0.1703309860
135 136 0.2588669121
135 157 -0.4498804152
135 158 0.0764294563
135 114 0.4638418756
136 137 1.2604206276
136 158 0.1515748037
136 159 -1.0528605893
136 115 1.0777469560
137 138 1.0702409075
137 159 -0.1608068410
137 160 -0.1776375769
137 116 -0.1099700705
138 139 0.1567355077
138 160 0.2972041661
138 161 -0.4999934674
138 117 0.4690087464
139 140 0.8871044304
139 161 0.8851800128
139 162 -0.1637550243
139 118 1.8482715112
140 141 0.2672173495
140 162 0.4935599998
140 163 0.2843298176
140 119 -0.0029389662
141 142 0.4003327334
141 163 0.3507446075
141 164 -1.2451731135
141 120 1.0956660513
142 143 -0.3995939534
142 164 0.8977563160
142 165 0.5708235767
142 121 -0.3321644868
143 144 2.5579340560
143 165 1.1511851648
143 166 -1.1620206016
143 122 0.6733188640
144 145 -0.0765250677
144 166 -1.1412501902
144 167 -0.2645133182
144 123 1.4892982428
145 146 1.2942740237
145 167 -0.3835832585
145 168 -0.4824367619
145 124 1.8229459136
146 147 0.1874965261
146 168 -0.3474888102
146 169 0.4978431148
146 125 -0.3982744703
147 148 0.1154129640
147 169 -0.5710781386
147 170 0.1650705183
147 126 -0.8727287021
148 149 -0.0446973764
148 170 0.2255239940
148 171 0.7121094638
148 127 -0.3308197044
149 150 -0.8908735025
149 171 -1.3502997340
149 172 0.1136166581
149 128 0.3427872300
150 151 2.6123027048
150 172 -0.8659895420
150 173 0.8309715566
150 129 0.4086753602
151 152 0.8671355247
151 173 1.4102461439
151 174 0.5447362875
151 130 -0.5338105031
152 153 0.4370301644
152 174 0.3458206666
152 175 0.2563824650
152 131 0.4675668166
153 154 1.2301790382
153 175 -0.1889946735
153 176 -0.7202830144
153 132 1.6236691590
154 176 2.2645885924
155 156 -0.0600612128
155 177 0.4789641639
155 178 -1.0034006924
155 134 0.5461951479
156 157 -1.3497261396
156 178 -0.9239484178
156 179 -0.4572463298
156 135 0.5437247087
157 158 0.3866533218
157 179 -0.4058024425
157 180 3.3993118188
157 136 0.4963757126
158 159 -1.7472335991
158 180 0.4347884915
158 181 0.6853123616
158 137 -1.2086788858
159 160 0.3782415247
159 181 0.3882449436
159 182 0.0307592715
159 138 2.0771328422
160 161 -0.3800624647
160 182 -1.4096046788
160 183 0.1226546939
160 139 1.6797719873
161 162 -1.3232982042
161 183 -0.7004283669
161 184 -1.2135857735
161 140 1.3828909321
162 163 0.9149786105
162 184 0.1369717961
162 185 0.3739452579
162 141 1.2652040315
163 164 -1.0471844976
163 185 -0.3274972343
163 186 0.1046075750
163 142 0.3729041927
164 165 0.1141501406
164 186 1.4094023609
164 187 0.1320374496
164 143 2.2371105490
165 166 -0.2884518075
165 187 0.7164140242
165 188 -0.3035497489
165 144 -1.3712445504
166 167 -0.3587556328
166 188 1.4957185566
166 189 0.1733460182
166 145 -0.6064807150
167 168 -2.1287462915
167 189 -2.6139990881
167 190 1.2540077272
167 146 -0.3517002769
168 169 0.1054342780
168 190 0.7516526359
168 191 -0.8665436815
168 147 0.0841098890
169 170 -2.0928518782
169 191 1.1576441585
169 192 0.3974748656
169 148 0.7208057357
170 171 0.9304894234
170 192 -1.0213911144
170 193 -0.5580114603
170 149 0.4034350336
171 172 -1.3030130808
171 193 0.8095354825
171 194 -0.4279642507
171 150 -0.1251068206
172 173 0.1441259449
172 194 -1.5122893926
172 195 -0.7387587421
172 151 1.3530653805
173 174 -0.1036141859
173 195 -1.1846685452
173 196 -1.3152731215
173 152 -0.3651900551
174 175 1.1748935558
174 196 0.5392745868
174 197 -0.5731917533
174 153 -0.9779493712
175 176 0.6893073985
175 197 1.1359257879
175 198 -0.4429243131
175 154 -0.5107833031
176 198 1.1580872671
177 178 -0.6362809610
177 199 -0.6342381000
177 200 -0.5750083569
177 156 -0.3808766801
178 179 -0.6146799240
178 200 -0.9649307759
178 201 0.7657941372
178 157 2.3155548894
179 180 -0.6682724919
179 201 0.8796028596
179 202 0.5367224185
179 158 0.0259067060
180 181 0.9081245732
180 202 -1.2263740458
180 203 0.9200051166
180 159 0.9746571188
181 182 -0.0951174320
181 203 -0.1156986255
181 204 -0.1524966385
181 160 0.6458581192
182 183 -0.6370329344
182 204 1.1350077180
182 205 1.0952645215
182 161 1.0115174767
183 184 0.0551009929
183 205 -1.3064251811
183 206 -1.9562320818
183 162 0.4385172103
184 185 0.1705062544
184 206 1.0266206894
184 207 -0.1047858863
184 163 0.6380358310
185 186 -1.1045991369
185 207 0.1567595322
185 208 0.2840791612
185 164 0.0534322126
186 187 -1.2596833548
186 208 1.0339480176
186 209 -2.4632379374
186 165 -0.3938105508
187 188 0.4344459382
187 209 -0.4740707698
187 210 0.0105595627
187 166 0.5292496633
188 189 0.6948382300
188 210 0.5421731657
188 211 -0.4900938066
188 167 0.8896044245
189 190 -0.4572786488
189 211 -0.1064026118
189 212 0.7072133207
189 168 -0.6433016266
190 191 -1.0140423502
190 212 -2.1731847539
190 213 -2.7355271857
190 169 -0.1172475804
191 192 0.2633705816
191 213 0.1904807647
191 214 -1.5139062747
191 170 -1.0794638354
192 193 1.6108410094
192 214 0.9758136064
192 215 -1.2737680459
192 171 -1.4875059883
193 194 -1.2415727891
193 215 -0.0739306826
193 216 0.9692059102
193 172 -0.6143504692
194 195 2.4490955342
194 216 1.5815309982
194 217 0.8176494217
194 173 0.2719589852
195 196 -1.5995336264
195 217 -0.5529364931
195 218 -1.9513121413
195 174 0.5080702782
196 197 -0.1513259270
196 218 -3.9275280408
196 219 -0.9633008644
196 175 -0.4459303205
197 198 0.4754962173
197 219 -0.8541373152
197 220 1.8520009154
197 176 -0.1932615225
198 220 -0.1311017366
199 200 1.3082281921
199 221 -1.3356494623
199 222 -0.8411759005
199 178 -1.2796190405
200 201 -0.5645612174
200 222 -0.4429378506
200 223 2.9897409897
200 179 -0.4339361469
201 202 0.9169343901
201 223 -0.5333639528
201 224 1.6901947552
201 180 1.2370232479
202 203 -2.2123026893
202 224 0.0101153190
202 225 0.4245864716
202 181 -1.8545370526
203 204 -1.8185945614
203 225 -0.5661055326
203 226 0.0105925587
203 182 0.1082017119
204 205 0.7743634090
204 226 -0.1947881054
204 227 -0.9640206646
204 183 -0.9434934623
205 206 -0.1060613895
205 227 0.5652300944
205 228 -1.6856648937
205 184 0.1440281896
206 207 0.2551255987
206 228 -0.9595325419
206 229 0.4048402103
206 185 0.2911721890
207 208 0.3648065322
207 229 1.1167421025
207 230 0.4220000415
207 186 -0.1395682141
208 209 0.6976138956
208 230 0.8987551751
208 231 0.3186372011
208 187 0.7081955583
209 210 0.1510388577
209 231 -0.4514017324
209 232 1.0245997839
209 188 -0.2174529925
210 211 -0.9415712208
210 232 0.7327888305
210 233 0.0615039679
210 189 0.0060446995
211 212 -0.3562661934
211 233 0.6118760535
211 234 -0.8655935585
211 190 0.2771859562
212 213 -1.4157531716
212 234 -0.2341278875
212 235 -0.5079209197
212 191 0.5601068311
213 214 -0.4564873518
213 235 -1.2307693527
213 236 0.5163779242
213 192 -0.9273347050
214 215 0.6550537571
214 236 -0.8518135079
214 237 1.9297764576
214 193 -0.5385996089
215 216 -3.1768731188
215 237 1.5517149920
215 238 -0.7313700479
215 194 -0.6678761616
216 217 0.9753398349
216 238 -0.3447912012
216 239 1.8011794269
216 195 -1.6760913371
217 218 1.1043763447
217 239 -0.4294040575
217 240 0.3770000533
217 196 -0.0501882836
218 219 1.3666323610
218 240 2.2284370006
218 241 0.2722024874
218 197 -3.2603830723
219 220 1.5872218093
219 241 -0.4899647613
219 242 -0.4027902742
219 198 -1.2012064318
220 242 -2.0704378001
221 222 0.5145626269
221 243 -0.7623021080
221 244 -0.7561814983
221 200 -2.4067784581
222 223 0.0315986670
222 244 -0.6270759138
222 245 1.1653858666
222 201 0.7491811929
223 224 -0.2719362811
223 245 1.4995034503
223 246 1.4748962963
223 202 1.2952894366
224 225 -1.2883061612
224 246 -0.4008232667
224 247 -0.4422709545
224 203 -2.6284407725
225 226 1.5291806068
225 247 -0.5050317839
225 248 -0.9270452846
225 204 1.3143716197
226 227 -0.2972929172
226 248 0.2196962854
226 249 -0.9434787618
226 205 0.4971749316
227 228 0.3981033604
227 249 0.6031454112
227 250 -0.5304118612
227 206 0.7058326571
228 229 0.2859446487
228 250 -0.5640245236
228 251 -0.2306434684
228 207 0.9278441217
229 230 -0.0665587850
229 251 -1.3919500543
229 252 0.2487174626
229 208 0.1374092350
230 231 -1.8679258456
230 252 0.9116331280
230 253 1.0223237251
230 209 2.0416955160
231 232 0.2453832271
231 253 1.5794658354
231 254 -0.9547683176
231 210 -0.4410125885
232 233 -0.1290154748
232 254 0.1832680917
232 255 1.3876804963
232 211 -0.5610554764
233 234 1.0622347397
233 255 -0.1064313147
233 256 1.1644901973
233 212 -1.4412451107
234 235 -0.5451541927
234 256 -0.4337129727
234 257 -0.2875424442
234 213 0.4419807484
235 236 1.9462303857
235 257 -0.5671060293
235 258 0.3458053481
235 214 1.1221336007
236 237 0.9104891380
236 258 0.3023348714
236 259 1.1215146828
236 215 -0.7184090606
237 238 -0.4080553829
237 259 -0.1803351127
237 260 -1.7205133528
237 216 -2.5279389378
238 239 0.3611325945
238 260 -0.3980920813
238 261 0.8278401868
238 217 -0.7442358295
239 240 1.0566165643
239 261 0.0826501345
239 262 0.6741671793
239 218 -0.3998810078
240 241 1.7612676730
240 262 -1.4079943634
240 263 0.7381512337
240 219 1.7812367977
241 242 -0.6583392635
241 263 -0.5264931205
241 264 -1.7634030498
241 220 1.0202317179
242 264 -0.8622840476
243 244 -0.4577059763
243 265 1.8723388967
243 266 0.6565057671
243 222 -1.5548313039
244 245 0.6854838962
244 266 -0.0800668292
244 267 0.0443466001
244 223 -1.3568658808
245 246 0.3182360838
245 267 0.4791203403
245 268 0.9537260913
245 224 1.1355790471
246 247 -0.5718259286
246 268 -0.7459738006
246 269 -0.4494953144
246 225 -0.6182836068
247 248 -0.0815769654
247 269 -0.9362893153
247 270 -1.2339144237
247 226 1.3269624544
248 249 0.7269163883
248 270 0.0567150282
248 271 1.3090770458
248 227 0.1155717332
249 250 0.5202087345
249 271 -0.5694974670
249 272 -0.5315508682
249 228 0.3493656907
250 251 0.9169350744
250 272 -1.2642502830
250 273 -0.4466911932
250 229 0.5087239725
251 252 1.9396908061
251 273 0.3316168982
251 274 -0.0928347620
251 230 0.0655693639
252 253 -1.5124064934
252 274 -0.6288941108
252 275 -0.6571979091
252 231 0.5871359088
253 254 0.2669308329
253 275 1.3381394300
253 276 -0.8386391292
253 232 -1.0606606415
254 255 -0.0838030660
254 276 -0.1216450299
254 277 0.5177945281
254 233 0.5118235072
255 256 0.9627910165
255 277 0.9709994483
255 278 -2.3896447321
255 234 -0.7679024678
256 257 -0.1287264422
256 278 0.7267081318
256 279 0.2293305046
256 235 -1.5270698375
257 258 0.6402805040
257 279 -0.5036992883
257 280 -0.4399196178
257 236 -0.7153593029
258 259 0.6225470629
258 280 -0.2048514195
258 281 0.5209299980
258 237 -0.4708861947
259 260 -0.7500183767
259 281 -0.5456803087
259 282 -0.2043953378
259 238 1.5443647593
260 261 -2.3006745127
260 282 -0.1118349938
260 283 -0.3279046083
260 239 0.1717239538
261 262 -1.4894096812
261 283 2.9493434981
261 284 -0.1316776202
261 240 -0.3705477178
262 263 0.7618372134
262 284 -0.1241570161
262 285 -0.9977468533
262 241 1.7123401960
263 264 1.7513154299
263 285 1.6869334112
263 286 0.9912529081
263 242 -0.3918125238
264 286 -2.0608817397
265 266 -0.2825018641
265 287 0.9478721803
265 288 -1.2661513525
265 244 0.0546296917
266 267 0.5006068496
266 288 0.6533561621
266 289 -0.0507175796
266 245 1.5500867426
267 268 -1.7083234738
267 289 -0.5288276042
267 290 -0.5975942355
267 246 -0.6814697929
268 269 0.6193323434
268 290 -0.1886493597
268 291 -0.4728792873
268 247 1.8570162639
269 270 -1.2216554167
269 291 0.0506674481
269 292 0.5463483006
269 248 0.0617321933
270 271 1.3878740774
270 292 0.1032587208
270 293 -1.3027361204
270 249 -0.7058296069
271 272 -0.6037052159
271 293 0.5007769009
271 294 -0.3642872568
271 250 1.5373797313
272 273 -0.2354770194
272 294 0.4738505304
272 295 -0.3126557907
272 251 -2.0475728826
273 274 1.2515037504
273 295 -0.1536943053
273 296 0.3334879805
273 252 0.2235562759
274 275 -0.6346341606
274 296 -0.1285316667
274 297 0.5597819201
274 253 -0.7160755426
275 276 -1.2976224896
275 297 0.9406386627
275 298 1.7976849326
275 254 0.0667480923
276 277 -1.0895390466
276 298 0.5254149843
276 299 -0.6802151731
276 255 0.1173882133
277 278 0.2412353263
277 299 -1.8313136033
277 300 -0.2003805350
277 256 0.1166957672
278 279 -0.6762940289
278 300 -0.7005376866
278 301 0.3029877853
278 257 0.9324535220
279 280 0.6522952979
279 301 -2.3007400029
279 302 0.9962057567
279 258 1.1403301447
280 281 -0.3577932493
280 302 -0.5137596315
280 303 -0.2441750547
280 259 0.8237575522
281 282 -0.8694168790
281 303 -1.4892059270
281 304 0.6540401445
281 260 -0.3502819266
282 283 0.7163645746
282 304 -0.5432371293
282 305 0.0602196293
282 261 -0.1334453312
283 284 1.1410365794
283 305 -1.6620144906
283 306 -0.6316341825
283 262 -0.0721531433
284 285 0.3893013704
284 306 -0.0935974490
284 307 1.5199365041
284 263 1.2974592413
285 286 -0.1286643038
285 307 1.4373956042
285 308 -1.2558525973
285 264 -0.8709549466
286 308 0.4504544573
287 288 -0.4447900581
287 309 0.0956356677
287 310 2.0479392662
287 266 -0.1516986938
288 289 -0.2525298660
288 310 -0.6033346573
288 311 1.6926153908
288 267 0.2024686278
289 290 -1.0021454482
289 311 0.1108940793
289 312 0.4078896940
289 268 -0.6398693921
290 291 0.8874009356
290 312 0.5826451091
290 313 1.2886017542
290 269 0.7972460345
291 292 0.9230293321
291 313 -0.2363605373
291 314 -0.5752830573
291 270 -0.5223561006
292 293 0.8921511977
292 314 -1.0463259795
292 315 -1.8145821879
292 271 0.7335368353
293 294 0.8177652994
293 315 0.5348340203
293 316 1.6456926441
293 272 -0.0221985669
294 295 -0.6235869435
294 316 0.1622426647
294 317 0.2527653557
294 273 0.9228385952
295 296 -1.9404786705
295 317 -0.7084014935
295 318 -0.9558424698
295 274 1.1284969772
296 297 -0.5061909123
296 318 -0.2903431832
296 319 0.2625276130
296 275 0.5145506853
297 298 1.1892025002
297 319 0.9503128663
297 320 1.4934065746
297 276 0.7834077374
298 299 0.5391639051
298 320 0.1260716836
298 321 -0.9690011429
298 277 0.1726696399
299 300 -0.1879373860
299 321 -0.1416384734
299 322 -0.3627543238
299 278 -1.6075783514
300 301 0.5168782316
300 322 0.4522120743
300 323 -1.6369738502
300 279 0.8340677495
301 302 -0.3164238046
301 323 0.5155834985
301 324 -1.6246231123
301 280 -1.6632606993
302 303 1.4945914639
302 324 -0.8967457841
302 325 -0.1630521149
302 281 -1.5217598151
303 304 -0.2412894040
303 325 -1.8408099135
303 326 -0.4146146295
303 282 -0.4233307303
304 305 0.2411126523
304 326 0.2740839435
304 327 -1.1725573342
304 283 -2.0891544112
305 306 -0.1247207252
305 327 -0.9810066864
305 328 -1.4545926033
305 284 0.1679326309
306 307 0.2730918559
306 328 1.0156344201
306 329 1.7493090552
306 285 1.5943130286
307 308 0.3065633045
307 329 -1.4656211675
307 330 0.2080740460
307 286 -1.1087523332
308 330 0.9021477624
309 310 1.0832321958
309 331 0.4905085265
309 332 0.0674595464
309 288 0.0243297188
310 311 -1.5207430404
310 332 0.6991958611
310 333 0.5762338693
310 289 0.2726566922
311 312 0.6830663297
311 333 -0.0681025983
311 334 0.7721923069
311 290 -1.4238301686
312 313 -0.4007099358
312 334 -0.8453995603
312 335 0.3091192351
312 291 -0.7563320752
313 314 -0.3982048881
313 335 -0.8449629555
313 336 -1.1296048737
313 292 -0.8675343389
314 315 0.2641414219
314 336 -0.0220742409
314 337 0.0114011272
314 293 -0.3042052146
315 316 -0.7582019727
315 337 -0.8872035233
315 338 0.6015444359
315 294 -1.6348582702
316 317 0.5912023220
316 338 0.0741547051
316 339 0.1941154978
316 295 0.4071641129
317 318 0.9714375237
317 339 -1.2350214531
317 340 0.5051240839
317 296 0.8945895859
318 319 -0.1538812325
318 340 -1.3910354561
318 341 2.6302469439
318 297 1.6539838716
319 320 1.7849256900
319 341 0.2474234653
319 342 0.4778077450
319 298 0.9760940767
320 321 0.8737171398
320 342 -0.5439803613
320 343 -1.6868328204
320 299 -1.1678577615
321 322 0.4112435373
321 343 1.2663828125
321 344 0.6674057126
321 300 2.5364872871
322 323 1.0062190621
322 344 0.7201022448
322 345 -0.9663425959
322 301 1.1961459853
323 324 -0.7527691430
323 345 0.3754978160
323 346 0.1189048743
323 302 -0.2513430924
324 325 0.5246722101
324 346 -0.7943364001
324 347 0.2255846006
324 303 0.2405673681
325 326 -0.3523609393
325 347 -0.5437102535
325 348 -0.3032409791
325 304 0.5866691833
326 327 0.9303417070
326 348 1.4696286040
326 349 -0.7649362073
326 305 -0.4271854921
327 328 -0.0164723816
327 349 -1.4173426444
327 350 -1.0381243967
327 306 0.3515723867
328 329 -1.8508339477
328 350 -1.8448050159
328 351 -1.2828918405
328 307 -2.0433189955
329 330 1.3691790222
329 351 1.4909324172
329 352 0.8920360628
329 308 0.3872348608
330 352 -1.3752359609
331 332 -0.0143311821
331 353 0.6678801791
331 354 0.0078520599
331 310 1.2219569264
332 333 0.0485647878
332 354 -0.2106885434
332 355 -1.4012268941
332 311 -0.2290053509
333 334 0.4332949239
333 355 0.5743059885
333 356 -0.6289321730
333 312 -0.8168954117
334 335 -0.8202107415
334 356 -0.3960495900
334 357 -0.7897399824
334 313 1.3335758605
335 336 -0.3022707464
335 357 1.2817571301
335 358 2.2532942768
335 314 -0.0285581724
336 337 0.9423685038
336 358 0.5019445163
336 359 0.8964306173
336 315 0.3741733281
337 338 -0.9372495451
337 359 1.4962162957
337 360 -0.0365034098
337 316 -0.2729242587
338 339 1.5939515375
338 360 -0.4194459853
338 361 0.0466621291
338 317 -0.5742646342
339 340 0.9587038345
339 361 0.3687653325
339 362 -0.4822844355
339 318 -0.2022245804
340 341 1.6051078356
340 362 -0.1476811614
340 363 -0.4938413482
340 319 -2.9544394591
341 342 -0.9251663642
341 363 -0.1580590543
341 364 -1.3972859834
341 320 0.3524530309
342 343 0.3995923463
342 364 0.4002366296
342 365 1.1794424078
342 321 -0.1615944404
343 344 0.8976086680
343 365 0.2444404459
343 366 -1.3956757769
343 322 -0.8219648159
344 345 -1.2531682095
344 366 0.4336304917
344 367 -0.7873579953
344 323 -0.4684891354
345 346 0.0277339246
345 367 0.3345036935
345 368 -0.7432391819
345 324 -0.5204428162
346 347 0.0252081701
346 368 0.9841644763
346 369 -1.3023954917
346 325 -0.0334983423
347 348 2.8680175290
347 369 0.2843916622
347 370 0.0515317994
347 326 -0.1057374813
348 349 -1.2871553078
348 370 0.8854246017
348 371 1.0408162439
348 327 0.1956863726
349 350 -0.4953266466
349 371 -0.1961099351
349 372 -0.3129452633
349 328 0.4498377634
350 351 -0.5887981898
350 372 0.8009713318
350 373 -1.2342966794
350 329 -1.5731827559
351 352 -2.0299226131
351 373 -1.0875532925
351 374 1.6616054329
351 330 -0.2809706609
352 374 0.0226893249
353 354 0.1592845656
353 375 -0.5191792079
353 376 -1.1022061084
353 332 -0.5175644990
354 355 -0.0114477139
354 376 -0.2046473806
354 377 -2.2687990867
354 333 1.6388062048
355 356 -2.0512138805
355 377 0.0002272887
355 378 -0.5083907604
355 334 -1.7585392483
356 357 1.6892546780
356 378 0.8197152557
356 379 3.7453558773
356 335 0.4237761916
357 358 0.1809983920
357 379 -0.5191402567
357 380 0.3468392610
357 336 -0.9375676331
358 359 0.3966154218
358 380 0.1166777465
358 381 -1.3073307255
358 337 1.7729185321
359 360 0.8248956663
359 381 1.4842743753
359 382 -1.0979879008
359 338 -0.6772629302
360 361 -1.2194574282
360 382 -0.9171734086
360 383 -1.1881370591
360 339 -0.0871017384
361 362 -0.8611838731
361 383 -2.0647924030
361 384 -1.2979002990
361 340 -0.9272375664
362 363 -0.1595599592
362 384 -0.4994507128
362 385 0.3342959380
362 341 0.8671304495
363 364 -0.7540849738
363 385 1.4032926370
363 386 -1.4231516693
363 342 0.1554341361
364 365 -0.3247975296
364 386 -0.0003690290
364 387 1.4781466201
364 343 -1.5070545995
365 366 1.2808934833
365 387 0.4548692201
365 388 0.3386463201
365 344 -0.4431713415
366 367 -0.9546441561
366 388 -1.1291199035
366 389 -0.3007528326
366 345 0.5296584161
367 368 -0.0158514730
367 389 0.4337386663
367 390 -0.4876481332
367 346 -0.2488447735
368 369 0.6312428197
368 390 1.3978201450
368 391 -0.6519653029
368 347 -1.2677464554
369 370 -0.6858792422
369 391 0.1767569157
369 392 -0.8359965545
369 348 0.2721537251
370 371 -0.1827018920
370 392 1.2634374960
370 393 0.1621828319
370 349 0.4677403110
371 372 0.2659863562
371 393 0.8401174092
371 394 0.6731250997
371 350 -0.4264186270
372 373 -1.2394523155
372 394 -0.5133925869
372 395 -2.3770204392
372 351 1.1156888331
373 374 0.2603889065
373 395 -0.5807900362
373 396 0.2662187495
373 352 1.8930940396
374 396 0.1783554309
375 376 -0.1430916445
375 397 -1.2863116845
375 398 0.2688365060
375 354 0.0054767680
376 377 -1.4967441114
376 398 -0.1566320471
376 399 -0.8597899258
376 355 -1.0134960924
377 378 1.6711827560
377 399 -0.9558131774
377 400 -1.1413504399
377 356 -0.1463257818
378 379 0.7580141514
378 400 0.4863230843
378 401 0.0766600784
378 357 0.1967125997
379 380 0.8507783960
379 401 0.6527490227
379 402 -1.0766066836
379 358 1.5201132798
380 381 0.0792663655
380 402 0.3604100824
380 403 -0.0564321499
380 359 0.6969181625
381 382 -1.5789479133
381 403 1.2981398055
381 404 -0.0478305707
381 360 0.6836406918
382 383 -0.9008849144
382 404 0.0931002763
382 405 -1.5679197044
382 361 0.3765608509
383 384 0.8645466455
383 405 0.1025833801
383 406 0.8218248042
383 362 -1.7934255048
384 385 -0.0578744129
384 406 -2.6161005096
384 407 0.1666752979
384 363 -0.8177269280
385 386 -0.0926976374
385 407 0.5069981205
385 408 0.5446149424
385 364 1.5650768912
386 387 -1.4578226501
386 408 0.6768531379
386 409 2.3110259552
386 365 -0.8407839497
387 388 0.2542403002
387 409 -1.4514561467
387 410 0.8066144781
387 366 -0.8435028968
388 389 -0.4522627412
388 410 0.5028268638
388 411 -0.5802010425
388 367 -0.8985928701
389 390 0.5026780709
389 411 -1.7567793708
389 412 -0.0265821797
389 368 1.4509439289
390 391 -1.6416530047
390 412 -0.6803970482
390 413 -1.5432224429
390 369 -0.5528343232
391 392 1.7073402694
391 413 -1.5015354777
391 414 2.0435244516
391 370 1.7465301847
392 393 0.8284599545
392 414 -0.4735046042
392 415 0.4356840411
392 371 0.5116826866
393 394 0.4064523618
393 415 1.1476992205
393 416 1.0784188458
393 372 -1.1640549172
394 395 -0.0521066804
394 416 1.1005703600
394 417 -0.4471938540
394 373 -1.4592417519
395 396 -0.7431915005
395 417 -0.5024090782
395 418 0.5739919981
395 374 0.9510076557
396 418 0.6745602779
397 398 -1.9204672735
397 419 -1.4655731388
397 420 0.3516265071
397 376 0.6096567155
398 399 0.1733037769
398 420 0.9944798846
398 421 0.1908246191
398 377 -0.1955920211
399 400 0.3804139767
399 421 1.6840295718
399 422 1.7315646579
399 378 0.2632063009
400 401 -0.5279190075
400 422 -0.5434059083
400 423 0.3848653124
400 379 0.1019367066
401 402 -0.4011846806
401 423 0.4126416927
401 424 1.9203611017
401 380 -0.1208371555
402 403 -0.0308690977
402 424 0.3137041653
402 425 1.3500489441
402 381 -0.4342001636
403 404 0.7855779449
403 425 -0.3753882359
403 426 -1.5927834406
403 382 0.3788898417
404 405 2.0182057155
404 426 0.9008865193
404 427 -1.7552139564
404 383 -0.3416259762
405 406 -2.6667436770
405 427 -0.8716003139
405 428 -1.2900076505
405 384 0.0476194806
406 407 -0.6346288553
406 428 -0.9476812197
406 429 -0.4286829401
406 385 0.1793297318
407 408 -0.5129316588
407 429 1.7724554633
407 430 -0.3906767274
407 386 -0.3332193296
408 409 0.9743108007
408 430 -0.0903254745
408 431 -0.8739210796
408 387 0.6536348103
409 410 -0.9557987256
409 431 0.0811946962
409 432 0.2088846157
409 388 -1.6122701663
410 411 0.7562656480
410 432 -0.1398452271
410 433 1.2528799562
410 389 -0.5578842984
411 412 -1.7137434477
411 433 0.1283025592
411 434 -1.8811563458
411 390 1.2058166573
412 413 -0.0029032205
412 434 -0.6045777860
412 435 1.7519938295
412 391 -0.5027167119
413 414 0.2975317815
413 435 -0.9411878374
413 436 -0.9087316054
413 392 -0.8876205447
414 415 0.0009874190
414 436 0.1246675393
414 437 1.0234000372
414 393 0.8091574890
415 416 -0.2979582792
415 437 -0.1802562856
415 438 1.0730385346
415 394 -2.1848102054
416 417 0.3036285938
416 438 1.5961280313
416 439 -0.2221783101
416 395 -2.2132624903
417 418 -0.1898899913
417 439 -1.5025857468
417 440 -0.7041861977
417 396 0.0994468945
418 440 0.3195366263
419 420 0.4583807416
419 441 -0.2619959554
419 442 -1.1484745395
419 398 -1.7278339500
420 421 1.1872642574
420 442 0.5716806424
420 443 0.6274259191
420 399 -0.6138416442
421 422 -1.1771253452
421 443 -1.1149800607
421 444 1.4490284786
421 400 0.9804108624
422 423 -1.5790316190
422 444 -1.0609410643
422 445 0.5998014647
422 401 -0.1835546269
423 424 1.5681388188
423 445 0.9387839980
423 446 -1.6618328050
423 402 1.2063472685
424 425 -0.6523455187
424 446 -0.5900299712
424 447 -0.2078303692
424 403 -0.0204592617
425 426 -0.2682161700
425 447 -0.1021181042
425 448 -0.2794766216
425 404 -0.4110609536
426 427 -0.1472675879
426 448 -0.0031930743
426 449 0.5315612098
426 405 -1.9091333705
427 428 -0.5924196109
427 449 1.5555693321
427 450 0.3768721888
427 406 0.2718145080
428 429 -0.6511214540
428 450 -0.5547365039
428 451 0.1256324387
428 407 0.2322391137
429 430 -0.8018976030
429 451 -0.3852416476
429 452 -2.4246670560
429 408 0.7230388521
430 431 0.5010027615
430 452 1.0183531291
430 453 0.8973390649
430 409 -1.6596819142
431 432 -0.4146059665
431 453 -0.5032987100
431 454 -1.0964560885
431 410 1.1802119094
432 433 -2.1340947532
432 454 0.5066784174
432 455 1.0182800015
432 411 0.5496709049
433 434 0.9314567957
433 455 -0.4342733627
433 456 -0.4062535669
433 412 1.2767608268
434 435 -0.2006962909
434 456 -1.4239533378
434 457 -0.4690021185
434 413 -1.1082267591
435 436 0.3203700969
435 457 0.8542643927
435 458 1.2217249507
435 414 0.9738988454
436 437 1.2816989836
436 458 0.6191098590
436 459 -0.1073413818
436 415 0.5092261695
437 438 -0.6535380021
437 459 0.9106108248
437 460 0.5347393614
437 416 0.4122733011
438 439 -0.9550940105
438 460 0.0084714361
438 461 0.8072007767
438 417 0.6014106166
439 440 -0.1607929009
439 461 -0.5698541910
439 462 -0.1752423240
439 418 -0.9493626024
440 462 1.3561442698
441 442 -0.3516600586
441 463 0.1086211216
441 464 1.8222331454
441 420 1.3589636010
442 443 -1.1832682573
442 464 1.3509280784
442 465 -1.7656404326
442 421 0.1618726821
443 444 -0.5107126304
443 465 -0.9914001845
443 466 0.3093154763
443 422 -0.6176118088
444 445 0.5464961412
444 466 -0.4278997911
444 467 -0.7872222258
444 423 -1.0110902668
445 446 -1.4821852357
445 467 -0.6119530959
445 468 0.5019402251
445 424 -0.8627753600
446 447 -0.2654380493
446 468 0.7242306910
446 469 -0.1881890523
446 425 0.8506883784
447 448 2.5950115003
447 469 0.2993391197
447 470 -0.3862198294
447 426 0.1271876315
448 449 -1.1029959578
448 470 -0.4614440672
448 471 1.3591837781
448 427 -0.7187293085
449 450 1.2890116364
449 471 1.1410362602
449 472 1.2543186825
449 428 0.8802474247
450 451 1.7172917263
450 472 1.1592824639
450 473 -0.6545776030
450 429 1.1576816449
451 452 -0.0516353173
451 473 -1.0883475834
451 474 -0.4011701799
451 430 1.4022354177
452 453 0.5431862307
452 474 0.4641520619
452 475 -2.1525719632
452 431 1.9560423973
453 454 -0.7296528335
453 475 -1.6178376751
453 476 0.5828107847
453 432 -0.9896151062
454 455 1.1336736060
454 476 -0.2447196053
454 477 0.2141849575
454 433 -0.4543186379
455 456 -0.2663515366
455 477 -0.3884064951
455 478 -0.0963111973
455 434 -2.2382369417
456 457 0.5505965612
456 478 -0.8703990368
456 479 -1.1201025798
456 435 -1.2959598314
457 458 -1.0389333892
457 479 -0.6489599073
457 480 0.0794644411
457 436 2.1953254854
458 459 -0.5299525669
458 480 -0.5002412696
458 481 0.5809290871
458 437 -0.9634135531
459 460 1.1290382488
459 481 -0.8950918422
459 482 -1.8127499195
459 438 1.2554651765
460 461 0.8633916216
460 482 0.5678787083
460 483 0.5681278520
460 439 -0.9595060424
461 462 0.0571515569
461 483 0.7514485726
461 484 -1.0697291009
461 440 0.0053543275
462 484 0.6211423596
463 464 -1.6523840922
463 442 -1.8402409489
464 465 0.5460967374
464 443 0.3747303282
465 466 -2.2009973861
465 444 0.2146116363
466 467 -0.2904682828
466 445 -0.3591240164
467 468 0.5124509842
467 446 0.2997186464
468 469 -1.6928818957
468 447 -0.2387678162
469 470 -1.5717271944
469 448 1.1183273998
470 471 0.6738297011
470 449 -0.2241226246
471 472 1.2289179758
471 450 -1.0938901452
472 473 0.3208290183
472 451 2.9251127706
473 474 0.9062031454
473 452 -1.2272450421
474 475 0.5133783725
474 453 0.4087962385
475 476 0.8166506056
475 454 1.9719407136
476 477 1.3110942268
476 455 0.6830335288
477 478 -1.5923737097
477 456 0.6704067399
478 479 -0.3352493253
478 457 0.8619003565
479 480 0.1831517911
479 458 -1.4214394902
480 481 -1.3688263950
480 459 -0.5991156629
481 482 -0.6472933720
481 460 -1.6360525080
482 483 0.5795174466
482 461 0.7613898474
483 484 -1.0755191761
483 462 -0.3944733730
