     1      2   0.204708
     1     33  -0.478943
    33     34  -0.050009
    33     65   0.955869
    65     66   0.274569
    65     97   0.017007
    97     98   0.974378
    97    129  -0.266893
   129    130  -0.641818
   129    161   0.581647
   161    162  -1.047184
   161    193  -0.700428
   193    194  -1.599534
   193    225  -0.073931
   225    226   0.285945
   225    257  -0.505032
   257    258  -2.300675
   257    289  -0.503699
   289    290   0.817765
   289    321   0.110894
   321    322  -0.352361
   321    353   1.266383
   353    354   0.396615
   353    385  -0.519179
   385    386  -1.641653
   385    417   0.506998
   417    418   1.568139
   417    449  -1.502586
   449    450  -0.266352
   449    481   1.141036
   481    482   0.669436
   481    513   0.728463
   513    514   0.913400
   513    545   1.760372
   545    546   1.261344
   545    577  -0.010867
   577    578  -0.550078
   577    609   1.272728
   609    610   0.543725
   609    641  -0.720283
   641    642   0.889604
   641    673   0.010560
   673    674  -2.406778
   673    705  -0.756181
   705    706  -1.060661
   705    737   0.517795
   737    738  -0.870955
   737    769   1.692615
   769    770   1.653984
   769    801   0.667406
   801    802  -1.573183
   801    833  -0.508391
   833    834  -1.793426
   833    865  -0.580201
   865    866  -2.184810
   865    897   0.599801
   897    898  -0.718729
   897    929  -0.096311
   929    930  -0.599116
   929    961  -0.006938
   961    962   1.378678
   961    993   0.328230
   993    994  -0.670121
     2      3   0.519439
     2     34   0.555730
    34     35  -0.852965
    34     66   2.304234
    66     67  -0.107657
    66     98   1.800840
    98     99   0.395701
    98    130  -0.910983
   130    131  -1.394072
   130    162  -0.464575
   162    163   0.114150
   162    194   0.136972
   194    195  -0.151326
   194    226   1.581531
   226    227  -0.066559
   226    258   0.219696
   258    259  -1.489410
   258    290  -0.204851
   290    291  -0.623587
   290    322   0.582645
   322    323   0.930342
   322    354   0.720102
   354    355   0.824896
   354    386  -0.204647
   386    387   1.707340
   386    418   0.676853
   418    419  -0.652346
   418    450   0.319537
   450    451   0.550597
   450    482   1.159282
   482    483   0.381779
   482    514  -0.329291
   514    515   0.589360
   514    546  -1.568606
   546    547   0.621249
   546    578   0.489180
   578    579  -0.160301
   578    610   0.511005
   610    611   0.496376
   610    642  -1.003401
   642    643  -0.643302
   642    674  -0.490094
   674    675   0.749181
   674    706   1.165386
   706    707   0.511824
   706    738  -2.389645
   738    739  -0.151699
   738    770   0.407890
   770    771   0.976094
   770    802  -0.966343
   802    803  -0.280971
   802    834   3.745356
   834    835  -0.817727
   834    866  -0.026582
   866    867  -2.213262
   866    898  -1.661833
   898    899   0.880247
   898    930  -1.120103
   930    931  -1.636053
   930    962   0.435731
   962    963  -0.239018
   962    994   0.293817
   994    995  -0.525610
     3      4  -1.965781
     3     35  -1.393406
    35     36   0.023493
    35     67   1.218302
    67     68   0.417064
    67     99  -0.989008
    99    100   0.734297
    99    131   1.413416
   131    132   0.192466
   131    163  -0.804223
   163    164  -0.288452
   163    195  -0.327497
   195    196   0.475496
   195    227  -0.552936
   227    228  -1.867926
   227    259   0.603145
   259    260   0.761837
   259    291  -0.545680
   291    292  -1.940479
   291    323  -0.236361
   323    324  -0.016472
   323    355   0.375498
   355    356  -1.219457
   355    387   0.000227
   387    388   0.828460
   387    419  -1.451456
   419    420  -0.268216
   419    451  -0.261996
   451    452  -1.038933
   451    483  -1.088348
   483    484   1.065103
   483    515   0.536868
   515    516   0.139298
   515    547   0.009813
   547    548  -0.777233
   547    579  -1.658668
   579    580   0.308272
   579    611  -0.667737
   611    612  -1.208679
   611    643  -0.457246
   643    644  -0.117248
   643    675   0.707213
   675    676   1.295289
   675    707   1.474896
   707    708  -0.767902
   707    739   0.229331
   739    740   0.202469
   739    771   1.288602
   771    772  -1.167858
   771    803   0.118905
   803    804  -0.517564
   803    835   0.346839
   835    836   1.565077
   835    867  -1.543222
   867    868   0.099447
   867    899  -0.207830
   899    900   1.157682
   899    931   0.079464
   931    932   0.761390
   931    963   0.289877
   963    964   0.283876
   963    995   0.903354
   995    996  -0.184216
     4      5  -0.092908
     4     36  -0.281746
    36     37   0.652469
    36     68  -1.074623
    68     69   1.224145
    68    100  -0.555154
   100    101  -0.838775
   100    132  -0.252275
   132    133  -0.420852
   132    164  -2.010390
   164    165  -0.358756
   164    196   1.409402
   196    197   1.308228
   196    228  -3.927528
   228    229   0.245383
   228    260  -0.564025
   260    261   1.751315
   260    292  -0.111835
   292    293  -0.506191
   292    324  -1.046326
   324    325  -1.850834
   324    356  -0.794336
   356    357  -0.861184
   356    388   0.819715
   388    389   0.406452
   388    420   0.502827
   420    421  -0.147268
   420    452   0.571681
   452    453  -0.529953
   452    484   0.464152
   484    485   0.986453
   484    516  -0.918405
   516    517  -0.618965
   516    548   0.041943
   548    549  -0.316447
   548    580   0.194964
   580    581  -2.458842
   580    612  -0.841177
   612    613   2.077133
   612    644   3.399312
   644    645  -1.079464
   644    676  -2.735527
   676    677  -2.628441
   676    708  -0.442271
   708    709  -1.527070
   708    740  -0.439920
   740    741  -0.639869
   740    772  -0.575283
   772    773   2.536487
   772    804   0.225585
   804    805   1.638806
   804    836  -1.307331
   836    837  -0.840784
   836    868   2.043524
   868    869  -1.727834
   868    900  -0.279477
   900    901   1.402235
   900    932   0.580929
   932    933  -0.394473
   932    964  -1.609446
   964    965  -0.343184
   964    996   1.026213
   996    997  -0.407492
     5      6  -0.769023
     5     37  -1.246435
    37     38   1.332610
    37     69  -0.690002
    69     70  -1.634736
    69    101   0.440554
   101    102  -0.721194
   101    133   0.568363
   133    134   0.258867
   133    165   0.977936
   165    166  -2.128746
   165    197   0.716414
   197    198  -0.564561
   197    229  -0.854137
   229    230  -0.129015
   229    261  -1.391950
   261    262  -0.282502
   261    293   2.949343
   293    294   1.189203
   293    325   0.534834
   325    326   1.369179
   325    357  -0.543710
   357    358  -0.159560
   357    389  -0.519140
   389    390  -0.052107
   389    421  -1.756779
   421    422  -0.592420
   421    453  -1.114980
   453    454   1.129038
   453    485  -1.617838
   485    486  -0.764712
   485    517   0.278625
   517    518   0.983505
   517    549   0.362381
   549    550   1.034423
   549    581   0.296088
   581    582  -0.850684
   581    613   0.997763
   613    614   1.679772
   613    645   0.685312
   645    646  -1.487506
   645    677  -1.513906
   677    678   1.314372
   677    709  -0.927045
   709    710  -0.715359
   709    741   0.520930
   741    742   0.797246
   741    773  -1.814582
   773    774   1.196146
   773    805  -0.303241
   805    806  -1.758539
   805    837  -1.097988
   837    838  -0.843503
   837    869   0.435684
   869    870  -0.613842
   869    901   0.531561
   901    902   1.956042
   901    933  -1.812750
   933    934  -0.952790
   933    965   1.323765
   965    966  -0.112318
   965    997  -0.812104
   997    998  -0.666350
     6      7  -1.007189
     6     38   1.296221
    38     39  -0.723642
    38     70   0.503087
    70     71  -0.457940
    70    102  -0.498791
   102    103   1.020903
   102    134   0.577385
   134    135   1.260421
   134    166  -0.483338
   166    167   0.105434
   166    198   1.495719
   198    199   0.916934
   198    230  -0.131102
   230    231   1.062235
   230    262   0.911633
   262    263   0.500607
   262    294  -0.124157
   294    295   0.539164
   294    326   0.162243
   326    327  -0.014331
   326    358   1.469629
   358    359  -0.754085
   358    390   0.116678
   390    391  -0.743192
   390    422  -0.680397
   422    423  -0.651121
   422    454  -1.060941
   454    455   0.863392
   454    486  -0.244720
   486    487  -0.618510
   486    518   1.396998
   518    519   0.811676
   518    550  -2.183830
   550    551   2.213133
   550    582   0.019941
   582    583  -0.303005
   582    614   0.559902
   614    615   1.382891
   614    646   0.030759
   646    647  -0.614350
   646    678  -1.273768
   678    679   0.497175
   678    710  -0.943479
   710    711  -0.470886
   710    742  -0.204395
   742    743  -0.522356
   742    774   1.645693
   774    775  -0.251343
   774    806  -0.764936
   806    807   0.423776
   806    838  -1.188137
   838    839  -0.898593
   838    870   1.078419
   870    871   0.980411
   870    902   0.376872
   902    903  -0.989615
   902    934   0.568128
   934    935  -1.320992
   934    966  -2.094259
   966    967  -0.783687
   966    998  -0.598134
   998    999  -0.384338
     7      8  -0.274992
     7     39  -0.228913
    39     40  -1.001543
    39     71   0.921169
    71     72  -1.306720
    71    103  -1.320566
   103    104  -1.296608
   103    135   0.825020
   135    136   1.070241
   135    167  -0.449880
   167    168  -2.092852
   167    199  -2.613999
   199    200  -2.212303
   199    231  -1.335649
   231    232  -0.545154
   231    263   1.579466
   263    264  -1.708323
   263    295   1.686933
   295    296  -0.187937
   295    327  -0.708401
   327    328   0.048565
   327    359  -1.417343
   359    360  -0.324798
   359    391   1.484274
   391    392  -1.920467
   391    423  -1.501535
   423    424  -0.801898
   423    455   0.938784
   455    456   0.057152
   455    487  -0.388406
   487    488   0.280530
   487    519  -0.830254
   519    520   0.138730
   519    551  -0.334270
   551    552  -0.553933
   551    583  -1.192630
   583    584  -1.905455
   583    615   1.018379
   615    616   1.265204
   615    647   0.122655
   647    648   0.271959
   647    679   0.969206
   679    680   0.705833
   679    711  -0.530412
   711    712   1.544365
   711    743  -0.327905
   743    744   0.733537
   743    775   0.252765
   775    776   0.240567
   775    807  -1.038124
   807    808  -0.937568
   807    839  -1.297900
   839    840   1.450944
   839    871  -0.447194
   871    872  -0.183555
   871    903   0.125632
   903    904  -0.454319
   903    935  -1.069729
   935    936   2.084231
   935    967   0.267972
   967    968   0.117590
   967    999   0.086291
   999   1000   1.442104
     8      9  -1.352917
     8     40  -0.886429
    40     41   0.622274
    40     72  -0.222896
    72     73   0.301350
    72    104   0.653438
   104    105  -1.127481
   104    136   0.152986
   136    137   0.156736
   136    168   0.151575
   168    169   0.930489
   168    200   0.751653
   200    201  -1.818595
   200    232  -0.442938
   232    233   1.946230
   232    264   0.183268
   264    265   0.619332
   264    296  -2.060882
   296    297   0.516878
   296    328  -0.290343
   328    329   0.433295
   328    360  -1.844805
   360    361   1.280893
   360    392  -0.917173
   392    393   0.173304
   392    424  -0.473505
   424    425   0.501003
   424    456  -0.590030
   456    457  -1.652384
   456    488  -0.870399
   488    489  -1.025188
   488    520   0.915697
   520    521  -0.488675
   520    552   0.168496
   552    553   0.688756
   552    584   0.632915
   584    585  -0.133961
   584    616   0.320675
   616    617   0.372904
   616    648  -1.213586
   648    649   0.508070
   648    680   0.817649
   680    681   0.927844
   680    712  -0.230643
   712    713   0.171724
   712    744  -0.131678
   744    745  -0.022199
   744    776  -0.955842
   776    777   0.586669
   776    808  -1.282892
   808    809   1.772919
   808    840   0.334296
   840    841  -0.552834
   840    872   0.573992
   872    873   1.206347
   872    904  -2.424667
   904    905  -2.238237
   904    936   0.537473
   936    937  -0.119240
   936    968  -0.408954
   968    969   0.104187
   968   1000  -0.400134
  1000   1001  -0.222034
     9     10   2.001637
     9     41   0.371843
    41     42   0.726213
    41     73   1.157719
    73     74   0.823991
    73    105   0.391725
   105    106  -0.309362
   105    137   0.132609
   137    138   0.887104
   137    169  -0.160807
   169    170  -1.303013
   169    201   1.157644
   201    202   0.774363
   201    233  -0.533364
   233    234   0.910489
   233    265  -0.106431
   265    266  -1.221655
   265    297   0.947872
   297    298  -0.316424
   297    329   0.950313
   329    330  -0.820211
   329    361   1.490932
   361    362  -0.954644
   361    393  -2.064792
   393    394   0.380414
   393    425   1.147699
   425    426  -0.414606
   425    457  -0.102118
   457    458   0.546097
   457    489  -0.648960
   489    490  -0.087524
   489    521   0.663067
   521    522  -2.122315
   521    553   1.531151
   553    554   0.332420
   553    585   0.065061
   585    586   0.611042
   585    617   2.431594
   617    618   2.237111
   617    649   0.373945
   649    650  -0.445930
   649    681  -1.951312
   681    682   0.137409
   681    713   0.248717
   713    714  -0.370548
   713    745  -0.997747
   745    746   0.922839
   745    777   0.262528
   777    778  -0.427185
   777    809   0.892036
   809    810  -0.677263
   809    841  -1.423152
   841    842   1.746530
   841    873   0.351627
   873    874  -0.020459
   873    905   0.897339
   905    906  -1.295960
   905    937  -0.153342
   937    938  -0.487745
   937    969  -0.282902
   969    970  -0.396229
   969   1001   0.133096
  1001   1002  -0.396723
    10     11  -1.669025
    10     42   0.438570
    42     43  -0.051316
    42     74  -0.433610
    74     75  -0.507965
    74    106   0.017141
   106    107   1.168634
   106    138  -0.609512
   138    139   0.267217
   138    170   0.297204
   170    171   0.144126
   170    202  -1.021391
   202    203  -0.106061
   202    234   0.010115
   234    235  -0.408055
   234    266  -0.433713
   266    267   1.387874
   266    298   0.653356
   298    299   1.494591
   298    330   0.126072
   330    331  -0.302271
   330    362  -1.375236
   362    363  -0.015851
   362    394  -0.499451
   394    395  -0.527919
   394    426   1.100570
   426    427  -2.134095
   426    458  -0.003193
   458    459  -2.200997
   458    490  -0.500241
   490    491   0.573153
   490    522  -0.498388
   522    523  -0.884111
   522    554   1.097732
   554    555   1.361428
   554    586  -0.921908
   586    587  -1.006166
   586    618   0.506167
   618    619  -1.371245
   618    650   0.104608
   650    651  -0.193262
   650    682  -0.963301
   682    683   2.041696
   682    714   1.022324
   714    715   1.712340
   714    746   0.991253
   746    747   1.128497
   746    778   1.493407
   778    779   0.351572
   778    810   0.007852
   810    811  -0.087102
   810    842   1.478147
   842    843   0.511683
   842    874   0.190825
   874    875  -0.411061
   874    906  -1.096456
   906    907   2.195325
   906    938  -0.177491
   938    939  -2.135547
   938    970   0.450924
   970    971   0.738047
   970   1002  -1.104566
  1002   1003   0.501685
    11     12   0.539741
    11     43  -0.476985
    43     44  -0.816707
    43     75  -1.824875
    75     76  -0.186980
    75    107  -0.635512
   107    108   2.644409
   107    139  -1.239980
   139    140   0.400333
   139    171   0.885180
   171    172  -0.103614
   171    203   0.809535
   203    204   0.255126
   203    235  -0.566106
   235    236   0.361133
   235    267  -0.567106
   267    268  -0.603705
   267    299  -0.528828
   299    300  -0.241289
   299    331  -0.141638
   331    332   0.942369
   331    363   0.667880
   363    364   0.631243
   363    395   1.403293
   395    396  -0.401185
   395    427  -0.502409
   427    428   0.931457
   427    459   1.555569
   459    460  -0.290468
   459    491  -0.895092
   491    492   0.962202
   491    523   1.067035
   523    524   0.072052
   523    555   0.227228
   555    556  -0.781199
   555    587  -0.379706
   587    588   0.170331
   587    619   0.804300
   619    620  -0.606481
   619    651   0.132037
   651    652  -1.279619
   651    683   1.852001
   683    684  -0.441013
   683    715  -0.954768
   715    716  -0.391813
   715    747  -1.266151
   747    748   0.514551
   747    779  -0.969001
   779    780  -2.043319
   779    811  -1.401227
   811    812  -0.927238
   811    843   0.338646
   843    844  -1.164055
   843    875   1.731565
   875    876  -1.909133
   875    907   1.018280
   907    908  -0.963414
   907    939  -0.748200
   939    940  -1.059155
   939    971  -1.985303
   971    972  -0.464721
   971   1003   0.438341
  1003   1004  -0.499347
    12     13  -3.248944
    12     44   1.021228
    44     45  -1.010737
    44     76  -0.850591
    76     77   0.272293
    76    108  -0.718086
   108    109   0.751921
   108    140  -1.430042
   140    141  -0.399594
   140    172   0.493560
   172    173   1.174894
   172    204  -1.512289
   204    205   0.364807
   204    236  -0.194788
   236    237   1.056617
   236    268   0.302335
   268    269  -0.235477
   268    300  -0.188649
   300    301   0.241113
   300    332   0.452212
   332    333  -0.937250
   332    364  -0.210689
   364    365  -0.685879
   364    396  -0.000369
   396    397  -0.030869
   396    428   0.674560
   428    429  -0.200696
   428    460  -0.554737
   460    461   0.512451
   460    492   0.567879
   492    493  -0.827283
   492    524  -2.111287
   524    525  -0.323886
   524    556   1.422575
   556    557   0.180737
   556    588   1.127073
   588    589   0.463842
   588    620   0.105664
   620    621  -0.351700
   620    652  -0.303550
   652    653  -0.433936
   652    684  -0.841176
   684    685  -0.561055
   684    716   1.387680
   716    717   0.054630
   716    748  -0.050718
   748    749   0.783408
   748    780  -0.362754
   780    781   0.387235
   780    812  -0.628932
   812    813   0.867130
   812    844  -0.300753
   844    845  -1.459242
   844    876   0.384865
   876    877   0.271815
   876    908  -0.406254
   908    909   1.255465
   908    940   1.655868
   940    941  -0.175856
   940    972   1.430919
   972    973  -1.045977
   972   1004   0.264795
  1004   1005   0.326288
    13     14   0.577087
    13     45  -0.124121
    45     46   0.997518
    45     77  -0.912414
    77     78  -0.680321
    77    109   1.677790
   109    110  -1.457300
   109    141  -0.603282
   141    142   2.557934
   141    173   0.350745
   173    174   0.689307
   173    205  -1.184669
   205    206   0.697614
   205    237   0.565230
   237    238   1.761268
   237    269  -0.180335
   269    270   1.251504
   269    301   0.050667
   301    302  -0.124721
   301    333   0.515583
   333    334   1.593952
   333    365   0.574306
   365    366  -0.182702
   365    397   0.454869
   397    398   0.785578
   397    429  -1.465573
   429    430   0.320370
   429    461  -0.385242
   461    462  -1.692882
   461    493   0.751449
   493    494   0.127292
   493    525  -1.368756
   525    526  -0.526860
   525    557  -0.216205
   557    558   0.416584
   557    589  -0.590275
   589    590   1.077747
   589    621  -2.013067
   621    622   0.084110
   621    653   0.173346
   653    654   1.237023
   653    685   2.989741
   685    686  -1.441245
   685    717   1.164490
   717    718   1.550087
   717    749  -0.597594
   749    750   0.172670
   749    781  -1.636974
   781    782   1.221957
   781    813  -0.789740
   813    814   0.155434
   813    845  -0.487648
   845    846   0.951008
   845    877   1.920361
   877    878   0.232239
   877    909  -0.469002
   909    910  -0.959506
   909    941   0.722338
   941    942  -1.234193
   941    973  -2.074345
   973    974   1.267230
   973   1005   1.143085
  1005   1006   0.711599
    14     15  -0.302614
    14     46  -0.523772
    46     47   0.131578
    46     78  -2.169461
    78     79   0.757177
    78    110   1.563740
   110    111   0.493779
   110    142   0.255491
   142    143  -0.076525
   142    174   0.897756
   174    175  -0.636281
   174    206   0.539275
   206    207   0.151039
   206    238  -0.959533
   238    239  -0.658339
   238    270  -0.398092
   270    271  -0.634634
   270    302   0.103259
   302    303   0.273092
   302    334  -0.896746
   334    335   0.958704
   334    366  -0.396050
   366    367   0.265986
   366    398  -1.129120
   398    399   2.018206
   398    430   0.994480
   430    431   1.281699
   430    462   1.018353
   462    463  -1.571727
   462    494   0.621142
   494    495   1.530898
   494    526  -0.654245
   526    527   0.548419
   526    558  -0.333392
   558    559   0.732599
   558    590  -0.054854
   590    591  -0.109970
   590    622   0.654147
   622    623   0.720806
   622    654   1.254008
   654    655  -1.854537
   654    686   1.690195
   686    687   0.441981
   686    718  -0.287542
   718    719  -0.681470
   718    750  -0.472879
   750    751  -1.607578
   750    782  -1.624623
   782    783  -0.229005
   782    814   2.253294
   814    815  -1.507055
   814    846  -0.651965
   846    847   0.609657
   846    878   1.350049
   878    879   0.723039
   878    910   1.221725
   910    911   0.005354
   910    942  -1.232452
   942    943  -1.132309
   942    974  -1.396851
   974    975   2.064111
   974   1006   0.699231
  1006   1007   0.000075
    15     16  -0.000940
    15     47  -1.343810
    47     48  -0.188211
    47     79  -2.003697
    79     80   0.304273
    79    111  -1.045913
   111    112   0.135722
   111    143  -0.468367
   143    144   1.294274
   143    175   1.151185
   175    176  -0.614680
   175    207   1.135926
   207    208  -0.941571
   207    239   1.116742
   239    240  -0.457706
   239    271   0.082650
   271    272  -1.297622
   271    303   0.500777
   303    304   0.306563
   303    335  -1.840810
   335    336   1.605108
   335    367   1.281757
   367    368  -1.239452
   367    399   0.433739
   399    400  -2.666744
   399    431   1.684030
   431    432  -0.653538
   431    463  -0.503299
   463    464   0.673830
   463    495  -1.260240
   495    496   0.526228
   495    527   0.003160
   527    528   0.021299
   527    559   0.448301
   559    560   0.719672
   559    591  -0.160381
   591    592   0.469009
   591    623   0.076429
   623    624   0.403435
   623    655  -0.866544
   655    656   0.108202
   655    687   0.424586
   687    688   1.122134
   687    719   0.345805
   719    720   1.857016
   719    751   0.546348
   751    752   0.834068
   751    783  -0.163052
   783    784  -0.816895
   783    815   0.896431
   815    816  -0.443171
   815    847  -0.835997
   847    848  -0.195592
   847    879  -1.592783
   879    880  -1.659682
   879    911  -0.107341
   911    912  -1.840241
   911    943   0.550110
   943    944   1.408339
   943    975  -1.507511
   975    976   1.230717
   975   1007  -0.826397
  1007   1008  -0.718989
    16     17   0.713544
    16     48   0.831154
    48     49   0.114928
    48     80  -0.795253
    80     81  -0.426986
    80    112   0.247699
   112    113   0.846852
   112    144   1.824505
   144    145   0.187497
   144    176  -1.141250
   176    177  -0.668272
   176    208   1.158087
   208    209  -0.356266
   208    240   0.898755
   240    241   0.685484
   240    272  -1.407994
   272    273  -1.089539
   272    304   0.473851
   304    305   1.083232
   304    336   0.274084
   336    337  -0.925166
   336    368   0.501945
   368    369   0.260389
   368    400   1.397820
   400    401  -0.634629
   400    432  -0.543406
   432    433  -0.955094
   432    464   0.506678
   464    465   1.228918
   464    496  -0.106402
   496    497   0.499797
   496    528  -1.598291
   528    529  -0.089175
   528    560  -1.165148
   560    561   0.315813
   560    592   0.712900
   592    593   1.848272
   592    624  -1.052861
   624    625  -0.125107
   624    656   0.397475
   656    657  -0.943493
   656    688   0.010593
   688    689  -0.718409
   688    720   1.121515
   720    721   0.061732
   720    752  -1.302736
   752    753  -1.663261
   752    784  -0.414615
   784    785   1.333576
   784    816  -0.036503
   816    817   0.529658
   816    848   0.162183
   848    849   0.263206
   848    880  -1.755214
   880    881   1.180212
   880    912   0.534739
   912    913   0.374730
   912    944   0.235629
   944    945   0.558359
   944    976  -0.361681
   976    977  -1.227790
   976   1008  -0.406273
  1008   1009  -0.653371
    17     18   2.370232
    17     49   1.860761
    49     50  -0.029610
    49     81   0.748532
    81     82   0.367488
    81    113   0.116747
   113    114  -1.263572
   113    145  -1.022872
   145    146   0.115413
   145    177  -0.383583
   177    178   0.908125
   177    209  -0.634238
   209    210  -1.415753
   209    241  -0.451402
   241    242   0.318236
   241    273  -0.526493
   273    274   0.241235
   273    305  -0.153694
   305    306  -1.520743
   305    337  -0.981007
   337    338   0.399592
   337    369   1.496216
   369    370  -0.143092
   369    401   0.176757
   401    402  -0.512932
   401    433   0.412642
   433    434  -0.160793
   433    465  -0.434273
   465    466   0.320829
   465    497   1.393840
   497    498   0.583144
   497    529  -2.402912
   529    530  -0.572796
   529    561   0.799318
   561    562   0.428579
   561    593  -0.317635
   593    594  -0.002939
   593    625  -0.177638
   625    626   1.353065
   625    657  -0.558011
   657    658   0.144028
   657    689  -0.964021
   689    690  -2.527939
   689    721  -1.720513
   721    722  -0.705830
   721    753  -0.364287
   753    754  -1.521760
   753    785  -1.172557
   785    786  -0.028558
   785    817   0.046662
   817    818  -0.248845
   817    849   0.673125
   849    850   0.101937
   849    881  -1.290008
   881    882   0.549671
   881    913   0.807201
   913    914   0.214612
   913    945   0.228211
   945    946   1.944667
   945    977   0.221128
   977    978   0.344951
   977   1009   1.111895
  1009   1010  -1.548205
    18     19   0.860757
    18     50  -0.560145
    50     51  -0.118110
    50     82  -0.152677
    82     83  -1.219954
    82    114  -2.068708
   114    115   0.445688
   114    146  -0.090937
   146    147  -0.044697
   146    178  -0.347489
   178    179  -0.095117
   178    210  -0.964931
   210    211  -0.456487
   210    242   0.732789
   242    243  -0.571826
   242    274  -0.862284
   274    275  -0.676294
   274    306  -0.128532
   306    307   0.683066
   306    338   1.015634
   338    339   0.897609
   338    370  -0.419446
   370    371  -1.496744
   370    402   1.263437
   402    403   0.974311
   402    434   0.313704
   434    435  -0.351660
   434    466  -1.423953
   466    467   0.906203
   466    498   0.566791
   498    499   0.826861
   498    530  -0.107657
   530    531  -1.128179
   530    562   0.612905
   562    563   1.720285
   562    594   0.878777
   594    595   1.095666
   594    626  -0.499993
   626    627  -0.365190
   626    658  -0.427964
   658    659   0.291172
   658    690  -1.685665
   690    691  -0.744236
   690    722   0.827840
   722    723   1.537380
   722    754  -0.312656
   754    755  -0.423331
   754    786  -1.454593
   786    787   0.374173
   786    818  -0.482284
   818    819  -1.267746
   818    850  -2.377020
   850    851  -0.120837
   850    882  -0.428683
   882    883   1.276761
   882    914  -0.175242
   914    915  -0.359124
   914    946   0.006248
   946    947   1.916200
   946    978  -1.387722
   978    979  -0.273077
   978   1010  -2.242465
  1010   1011   1.047999
    19     20   1.265934
    19     51  -0.119827
    51     52  -0.584970
    51     83   0.562540
    83     84   0.416232
    83    115  -1.440167
   115    116   0.961604
   115    147  -0.217957
   147    148  -0.890874
   147    179  -0.571078
   179    180  -0.637033
   179    211   0.879603
   211    212   0.655054
   211    243   0.611876
   243    244  -0.081577
   243    275   1.872339
   275    276   0.652295
   275    307   0.940639
   307    308  -0.400710
   307    339  -1.465621
   339    340  -1.253168
   339    371   0.368765
   371    372   1.671183
   371    403   0.840117
   403    404  -0.955799
   403    435  -0.375388
   435    436  -1.183268
   435    467   0.854264
   467    468   0.513378
   467    499   0.946547
   499    500   0.562980
   499    531   1.159926
   531    532   0.342277
   531    563  -0.838295
   563    564  -0.824170
   563    595  -0.205855
   595    596  -0.332164
   595    627  -0.163755
   627    628  -0.977949
   627    659  -0.738759
   659    660  -0.139568
   659    691   0.404840
   691    692  -0.399881
   691    723   0.674167
   723    724  -2.047573
   723    755   0.333488
   755    756  -2.089154
   755    787   1.749309
   787    788  -0.272924
   787    819  -0.493841
   819    820   0.272154
   819    851   0.266219
   851    852  -0.434200
   851    883  -0.390677
   883    884  -1.108227
   883    915   1.822233
   915    916   0.299719
   915    947   0.458344
   947    948   0.823771
   947    979  -0.446910
   979    980   0.702192
   979   1011  -0.696995
  1011   1012   1.430468
    20     21   1.063512
    20     52  -0.332883
    52     53   1.565657
    52     84   0.929006
    84     85   1.844788
    84    116  -1.227387
   116    117  -0.625428
   116    148   1.741494
   148    149   2.612303
   148    180   0.225524
   180    181   0.055101
   180    212  -1.226374
   212    213  -3.176873
   212    244  -0.234128
   244    245   0.726916
   244    276  -0.080067
   276    277  -0.357793
   276    308   0.525415
   308    309  -0.398205
   308    340   0.902148
   340    341   0.027734
   340    372  -0.147681
   372    373   0.758014
   372    404  -0.513393
   404    405   0.756266
   404    436   0.900887
   436    437  -0.510713
   436    468   0.619110
   468    469   0.816651
   468    500   1.331826
   500    501   0.079399
   500    532  -1.373890
   532    533  -0.053072
   532    564  -0.434304
   564    565  -1.832492
   564    596   0.225959
   596    597   0.673319
   596    628   0.284330
   628    629  -0.510783
   628    660  -1.315273
   660    661   0.708196
   660    692   0.422000
   692    693   1.781237
   692    724   0.738151
   724    725   0.223556
   724    756   0.559782
   756    757   0.167933
   756    788   0.208074
   788    789  -0.574265
   788    820  -1.397286
   820    821   0.467740
   820    852   0.268837
   852    853   0.378890
   852    884  -0.873921
   884    885   0.973899
   884    916  -1.765640
   916    917  -0.238768
   916    948  -1.670835
   948    949  -0.381219
   948    980   0.149503
   980    981   0.245743
   980   1012  -1.008834
  1012   1013  -0.327766
    21     22   2.359419
    21     53   0.199543
    53     54   0.032664
    53     85   0.036264
    85     86   0.776967
    85    117  -0.746433
   117    118  -1.107425
   117    149  -1.436603
   149    150   0.867136
   149    181  -1.350300
   181    182   0.170506
   181    213  -0.115699
   213    214   0.975340
   213    245  -1.230769
   245    246   0.520209
   245    277   0.479120
   277    278  -0.869417
   277    309  -1.831314
   309    310   0.264141
   309    341   0.490509
   341    342   0.025208
   341    373  -0.158059
   373    374   0.850778
   373    405  -0.580790
   405    406  -1.713743
   405    437  -0.871600
   437    438   0.546496
   437    469   0.910611
   469    470   1.311094
   469    501   0.378391
   501    502   0.130460
   501    533  -0.930944
   533    534   1.694312
   533    565  -0.758040
   565    566  -0.454105
   565    597  -1.496694
   597    598   1.489298
   597    629  -1.245173
   629    630  -0.380877
   629    661  -0.573192
   661    662  -0.217453
   661    693   0.318637
   693    694   1.020232
   693    725  -1.763403
   725    726  -0.716076
   725    757   1.797685
   757    758   1.594313
   757    789   0.067460
   789    790  -0.202225
   789    821   1.179442
   821    822  -0.426419
   821    853  -0.859790
   853    854  -0.341626
   853    885   0.208885
   885    886   0.509226
   885    917   0.309315
   917    918   1.118327
   917    949  -0.128161
   949    950   0.221010
   949    981  -1.531363
   981    982   0.995741
   981   1013  -1.151361
  1013   1014  -0.001243
    22     23   1.541996
    22     54   0.970736
    54     55   0.482573
    54     86  -0.980928
    86     87   0.110557
    86    118   0.679400
   118    119   0.350109
   118    150   2.420294
   150    151   0.437030
   150    182  -0.865990
   182    183  -1.104599
   182    214   1.135008
   214    215   1.104376
   214    246  -0.851814
   246    247   0.916935
   246    278  -0.745974
   278    279   0.716365
   278    310  -0.700538
   310    311  -0.758202
   310    342   0.699196
   342    343   2.868018
   342    374   0.400237
   374    375   0.079266
   374    406   0.178355
   406    407  -0.002903
   406    438  -0.947681
   438    439  -1.482185
   438    470   0.008471
   470    471  -1.592374
   470    502  -0.060359
   502    503   0.244714
   502    534   1.830156
   534    535  -1.127453
   534    566  -0.339231
   566    567   0.976914
   566    598   0.503657
   598    599   1.822946
   598    630   0.570824
   630    631   2.315555
   630    662  -0.442924
   662    663   0.006045
   662    694   1.024600
   694    695  -1.554831
   694    726   0.656506
   726    727   0.066748
   726    758  -0.680215
   758    759  -1.108752
   758    790   0.576234
   790    791  -2.954439
   790    822  -1.395676
   822    823   1.115689
   822    854  -1.141350
   854    855   0.047619
   854    886   1.252880
   886    887   0.412273
   886    918  -0.787222
   918    919  -0.224123
   918    950  -0.817693
   950    951  -0.644007
   950    982  -0.924597
   982    983  -0.891546
   982   1014  -1.057858
  1014   1015   1.633372
    23     24   1.307030
    23     55  -0.286350
    55     56  -1.095390
    55     87  -1.581700
    87     88  -1.920784
    87    119   0.868731
   119    120   0.894813
   119    151  -0.237372
   151    152   1.230179
   151    183   1.410246
   183    184  -1.259683
   183    215  -1.306425
   215    216   1.366632
   215    247   1.551715
   247    248   1.939691
   247    279  -0.936289
   279    280   1.141037
   279    311  -2.300740
   311    312   0.591202
   311    343  -0.068103
   343    344  -1.287155
   343    375   0.244440
   375    376  -1.578948
   375    407  -1.286312
   407    408   0.297532
   407    439   1.772455
   439    440  -0.265438
   439    471  -0.569854
   471    472  -0.335249
   471    503   0.484921
   503    504  -0.240821
   503    535  -0.334088
   535    536   1.186623
   535    567   0.815526
   567    568   0.581274
   567    599  -0.046049
   599    600  -0.398274
   599    631  -1.162021
   631    632   0.025907
   631    663  -0.575008
   663    664   0.277186
   663    695   0.061504
   695    696  -1.356866
   695    727   0.044347
   727    728   0.117388
   727    759  -0.200381
   759    760   0.024330
   759    791   0.772192
   791    792   0.352453
   791    823  -0.787358
   823    824   1.893094
   823    855   0.076660
   855    856   0.179330
   855    887  -1.881156
   887    888   0.601411
   887    919   0.501940
   919    920  -1.093890
   919    951  -0.168148
   951    952  -1.019051
   951    983   0.147229
   983    984  -1.107433
   983   1015  -0.451780
  1015   1016   0.418790
    24     25  -0.377984
    24     56   0.753887
    56     57   0.589488
    56     88  -0.457002
    88     89  -2.224660
    88    120   0.470631
   120    121   1.052256
   120    152  -0.065253
   152    153  -0.060061
   152    184   0.345821
   184    185   0.434446
   184    216   1.026621
   216    217   1.587222
   216    248  -0.344791
   248    249  -1.512406
   248    280   0.056715
   280    281   0.389301
   280    312  -0.513760
   312    313   0.971438
   312    344  -0.845400
   344    345  -0.495327
   344    376   0.433630
   376    377  -0.900885
   376    408  -0.156632
   408    409   0.000987
   408    440  -0.090325
   440    441   2.595012
   440    472   1.356144
   472    473   0.183152
   472    504  -0.406963
   504    505   2.225280
   504    536   0.178098
   536    537   1.028389
   536    568  -2.406483
   568    569   0.038100
   568    600  -0.930569
   600    601  -0.872729
   600    632  -0.264513
   632    633   0.974657
   632    664   0.765794
   664    665   0.560107
   664    696  -0.865594
   696    697   1.135579
   696    728   0.953726
   728    729   0.116696
   728    760   0.302988
   760    761   0.272657
   760    792   0.309119
   792    793  -0.161594
   792    824  -0.743239
   824    825   0.005477
   824    856  -1.076607
   856    857  -0.333219
   856    888   1.751994
   888    889  -0.949363
   888    920  -0.188189
   920    921   2.925113
   920    952   1.354403
   952    953   0.371211
   952    984   1.179676
   984    985   0.740342
   984   1016   1.825848
  1016   1017  -0.677246
    25     26  -0.331286
    25     57  -1.349742
    57     58   0.528735
    57     89   1.569271
    89     90  -0.727369
    89    121   0.838827
   121    122   0.576207
   121    153   0.030280
   153    154  -1.349726
   153    185  -0.188995
   185    186   0.694838
   185    217   0.156760
   217    218   0.514563
   217    249  -0.429404
   249    250   0.266931
   249    281  -0.569497
   281    282  -0.128664
   281    313  -1.489206
   313    314  -0.153881
   313    345  -0.844963
   345    346  -0.588798
   345    377   0.334504
   377    378   0.864547
   377    409  -0.955813
   409    410  -0.297958
   409    441   0.081195
   441    442  -1.102996
   441    473   0.108621
   473    474  -1.368826
   473    505  -0.254752
   505    506   0.321195
   505    537  -0.061192
   537    538   0.998948
   537    569   0.669619
   569    570   1.098127
   569    601   0.595649
   601    602  -0.330820
   601    633  -0.482437
   633    634   0.645858
   633    665   0.536722
   665    666  -0.927335
   665    697  -0.507921
   697    698  -0.618284
   697    729  -0.449495
   729    730   0.932454
   729    761   0.996206
   761    762  -1.423830
   761    793  -1.129605
   793    794  -0.821965
   793    825  -1.302395
   825    826  -1.013496
   825    857  -0.056432
   857    858   0.653635
   857    889  -0.908732
   889    890   1.358964
   889    921  -0.386220
   921    922  -1.227245
   921    953   0.201342
   953    954   0.323343
   953    985  -0.663812
   985    986   1.276344
   985   1017   0.081968
  1017   1018  -1.561395
    26     27  -0.069877
    26     58  -0.246674
    58     59  -0.929969
    58     90   0.402827
    90     91   1.213851
    90    122   0.557805
   122    123   1.062330
   122    154   0.642437
   154    155   0.386653
   154    186   2.264589
   186    187  -0.457279
   186    218   1.033948
   218    219   0.031599
   218    250   2.228437
   250    251  -0.083803
   250    282  -1.264250
   282    283  -0.444790
   282    314  -0.543237
   314    315   1.784926
   314    346  -0.022074
   346    347  -2.029923
   346    378   0.984164
   378    379  -0.057874
   378    410   0.486323
   410    411   0.303629
   410    442  -0.139845
   442    443   1.289012
   442    474   1.350928
   474    475  -0.647293
   474    506  -0.070698
   506    507  -0.380339
   506    538   0.608506
   538    539   1.079111
   538    570   0.395813
   570    571  -0.802414
   570    602   1.254157
   602    603   0.342787
   602    634   0.497843
   634    635   1.011517
   634    666   0.920005
   666    667  -0.538600
   666    698   0.516378
   698    699   1.326962
   698    730  -1.233914
   730    731   1.140330
   730    762  -0.244175
   762    763  -0.756332
   762    794   0.011401
   794    795  -0.468489
   794    826   0.051532
   826    827  -0.146326
   826    858  -0.047831
   858    859  -1.612270
   858    890   1.023400
   890    891   0.161873
   890    922   1.359184
   922    923   0.408796
   922    954  -0.211994
   954    955  -0.721752
   954    986  -0.426340
   986    987   0.243748
   986   1018  -0.945966
  1018   1019   0.593034
    27     28   0.011862
    27     59  -1.004812
    59     60   1.022487
    59     91   0.193401
    91     92   0.919242
    91    123   0.372642
   123    124  -0.000957
   123    155   1.082922
   155    156  -1.747234
   155    187   0.478964
   187    188  -1.014042
   187    219  -0.474071
   219    220  -0.271936
   219    251  -0.489965
   251    252   0.962791
   251    283   0.331617
   283    284  -0.252530
   283    315  -1.662014
   315    316   0.873717
   315    347  -0.887204
   347    348   0.159285
   347    379   0.284392
   379    380  -0.092698
   379    411   0.652749
   411    412  -0.189890
   411    443   0.128303
   443    444   1.717292
   443    475  -0.991400
   475    476   0.579517
   475    507  -1.228926
   507    508  -0.255452
   507    539  -0.544066
   539    540  -0.405148
   539    571  -1.337508
   571    572   0.154208
   571    603   0.608462
   603    604   0.408675
   603    635   0.165071
   635    636   0.438517
   635    667  -0.152497
   667    668  -0.667876
   667    699   1.929776
   699    700   0.115572
   699    731   1.309077
   731    732   0.823758
   731    763   0.654040
   763    764  -0.867534
   763    795   0.601544
   795    796  -0.520443
   795    827   1.040816
   827    828   0.196713
   827    859  -1.567920
   859    860  -0.557884
   859    891   1.073039
   891    892  -0.617612
   891    923   1.254319
   923    924   1.971941
   923    955  -0.845983
   955    956  -1.086521
   955    987  -0.627446
   987    988  -1.018043
   987   1019  -0.525600
  1019   1020   1.964905
    28     29  -1.327195
    28     60   0.919262
    60     61  -0.220487
    60     92   1.648985
    92     93  -0.435155
    92    124  -1.755108
   124    125   1.367524
   124    156   0.236224
   156    157   0.378242
   156    188  -0.923948
   188    189   0.263371
   188    220   0.542173
   220    221  -1.288306
   220    252  -2.070438
   252    253  -0.128726
   252    284  -0.628894
   284    285  -1.002145
   284    316  -0.093597
   316    317   0.411244
   316    348   0.074155
   348    349  -0.011448
   348    380   0.885425
   380    381  -1.457823
   380    412   0.360410
   412    413   0.458381
   412    444  -0.604578
   444    445  -0.051635
   444    476  -0.427900
   476    477  -1.075519
   476    508  -1.525557
   508    509   0.634190
   508    540   1.683325
   540    541   1.442792
   540    572  -0.329313
   572    573  -1.956463
   572    604   0.076542
   604    605  -0.533811
   604    636   0.712109
   636    637   0.638036
   636    668   1.095265
   668    669  -1.676091
   668    700  -0.731370
   700    701   0.349366
   700    732  -0.531551
   732    733  -0.350282
   732    764   0.060220
   764    765  -0.304205
   764    796   0.194115
   796    797  -0.033498
   796    828  -0.312945
   828    829   1.520113
   828    860   0.821825
   860    861   1.205817
   860    892  -0.222178
   892    893  -1.011090
   892    924  -0.654578
   924    925   0.683034
   924    956   0.138449
   956    957  -1.344944
   956    988  -0.321415
   988    989   0.765382
   988   1020   0.032705
  1020   1021  -1.274904
    29     30   1.549106
    29     61  -0.022185
    61     62  -0.669158
    61     93   1.166832
    93     94   0.567455
    93    125  -1.270025
   125    126  -0.940489
   125    157   0.331661
   157    158  -0.380062
   157    189  -0.405802
   189    190   1.610841
   189    221  -0.106403
   221    222   1.529181
   221    253  -0.762302
   253    254   0.640281
   253    285   1.338139
   285    286   0.887401
   285    317   1.437396
   317    318   1.006219
   317    349  -1.235021
   349    350  -2.051214
   349    381  -0.196110
   381    382   0.254240
   381    413   1.298140
   413    414   1.187264
   413    445  -0.941188
   445    446   0.543186
   445    477  -0.611953
   477    478  -1.878556
   477    509  -0.912470
   509    510   0.970649
   509    541  -1.858791
   541    542   1.123165
   541    573  -0.137889
   573    574  -0.270780
   573    605  -0.266839
   605    606   0.467567
   605    637   0.113617
   637    638   0.053432
   637    669  -1.956232
   669    670  -0.050188
   669    701   1.801179
   701    702   0.508724
   701    733  -0.446691
   733    734  -0.133445
   733    765  -0.631634
   765    766  -1.634858
   765    797   0.505124
   797    798  -0.105737
   797    829  -1.234297
   829    830   0.696918
   829    861   0.166675
   861    862  -0.502717
   861    893  -0.704186
   893    894  -0.862775
   893    925  -0.401170
   925    926   0.670407
   925    957  -0.501654
   957    958   0.138526
   957    989  -0.418948
   989    990   0.039619
   989   1021  -0.012284
  1021   1022   0.275740
    30     31  -0.758363
    30     62   0.660524
    62     63   2.252797
    62     94  -0.702110
    94     95   0.926557
    94    126   0.634709
   126    127  -1.040179
   126    158   1.076742
   158    159  -1.323298
   158    190   0.434788
   190    191  -1.241573
   190    222  -2.173185
   222    223  -0.297293
   222    254  -0.627076
   254    255   0.622547
   254    286  -0.121645
   286    287   0.923029
   286    318   0.450454
   318    319  -0.752769
   318    350  -1.391035
   350    351   1.689255
   350    382   0.800971
   382    383  -0.452263
   382    414   0.093100
   414    415  -1.177125
   414    446   0.124668
   446    447  -0.729653
   446    478   0.724231
   478    479  -0.310051
   478    510  -0.634317
   510    511   1.171895
   510    542   0.279397
   542    543   0.459849
   542    574  -1.927640
   574    575  -0.525962
   574    606   1.080249
   606    607   1.623669
   606    638   0.830972
   638    639  -0.393811
   638    670  -0.104786
   670    671  -3.260383
   670    702   0.377000
   702    703   0.065569
   702    734  -0.092835
   734    735  -0.072153
   734    766   1.519937
   766    767   0.407164
   766    798   2.630247
   798    799   0.195686
   798    830   1.661605
   830    831   0.683641
   830    862   0.544615
   862    863  -0.887621
   862    894  -1.148475
   894    895   0.850688
   894    926  -2.152572
   926    927   0.861900
   926    958   0.152782
   958    959   0.795727
   958    990   0.753550
   990    991  -1.500565
   990   1022   1.963845
  1022   1023   1.790474
    31     32  -0.862580
    31     63   0.010032
    63     64  -0.353607
    63     95   0.139142
    95     96  -1.209810
    95    127   0.289436
   127    128  -0.429214
   127    159   0.871188
   159    160   0.914979
   159    191   0.388245
   191    192   2.449096
   191    223   0.190481
   223    224   0.398103
   223    255   1.499503
   255    256  -0.750018
   255    287   0.970999
   287    288   0.892151
   287    319   0.095636
   319    320   0.524672
   319    351   0.247423
   351    352   0.180998
   351    383  -1.087553
   383    384   0.502678
   383    415   0.102583
   415    416  -1.579032
   415    447  -0.180256
   447    448   1.133674
   447    479   0.299339
   479    480  -0.248013
   479    511   1.290701
   511    512   0.745605
   511    543   0.287990
   543    544   0.254742
   543    575   1.869341
   575    576  -1.139096
   575    607   0.630089
   607    608   0.546195
   607    639   0.544736
   639    640   0.529250
   639    671   0.284079
   671    672  -1.201206
   671    703   0.272202
   703    704   0.587136
   703    735  -0.657198
   735    736   1.297459
   735    767  -1.255853
   767    768   0.894590
   767    799   0.477808
   799    800   0.449838
   799    831  -1.102206
   831    832   0.376561
   831    863   2.311026
   863    864   0.809157
   863    895   0.627426
   895    896   0.127188
   895    927   0.582811
   927    928  -1.421439
   927    959   0.404058
   959    960   0.172171
   959    991  -0.166835
   991    992   0.129461
   991   1023  -0.631793
  1023   1024   1.448094
    32     64  -0.670216
    64     96   0.606545
    96    128   0.728505
   128    160   1.211411
   160    192  -1.409605
   192    224   0.975814
   224    256  -0.400823
   256    288   0.726708
   288    320  -0.603335
   320    352  -0.543980
   352    384   0.022689
   384    416  -2.616101
   416    448   1.596128
   448    480  -0.461444
   480    512   1.132234
   512    544  -0.522858
   544    576   0.017905
   576    608  -0.579815
   608    640   0.256382
   640    672  -2.463238
   672    704  -0.402790
   704    736  -0.838639
   736    768   2.047939
   768    800  -1.686833
   800    832  -2.268799
   832    864   0.806614
   864    896   1.449028
   896    928   0.214185
   928    960   0.477731
   960    992  -0.257990
   992   1024  -1.838240
